gene_name	SPOT	Profile	E10.5_Brain	E12.5_Brain	E14.5_Brain	E16.5_Brain	P0_Brain	P21_Brain	8W_Brain
GNAI3	ID_0	10	0.00	-0.13	-0.93	-0.80	-1.18	-3.04	-2.46
CDC45	ID_1	10	0.00	-0.80	-3.24	-2.75	-4.68	-5.96	-4.67
H19	ID_2	10	0.00	-1.26	-1.41	-0.78	-2.02	-8.26	-10.71
SCML2	ID_3	17	0.00	0.25	1.23	0.23	0.76	-2.76	-2.20
NARF	ID_5	47	0.00	0.79	0.74	0.83	0.22	0.11	-0.38
CAV2	ID_6	39	0.00	0.60	0.73	1.49	1.88	2.95	3.38
KLF6	ID_7	19	0.00	0.06	0.64	1.03	0.45	-0.24	0.50
SCMH1	ID_8	49	0.00	0.70	1.67	1.29	1.37	0.28	1.04
COX5A	ID_9	18	0.00	0.11	0.50	0.51	0.84	1.05	0.36
TBX2	ID_10	7	0.00	-2.28	0.51	-0.30	-0.90		-2.74
NGFR	ID_13	16	0.00	0.38	1.96	1.22	0.64	-3.40	-4.43
WNT3	ID_14	41	0.00	1.42	1.51	2.14	2.14	1.41	0.38
WNT9A	ID_15	25	0.00	0.25	-1.02	-0.01	-0.79	1.53	1.63
FER	ID_16	10	0.00	-0.05	-0.05	-0.30	-0.83	-1.04	-0.74
XPO6	ID_17	44	0.00	0.48	0.76	0.54	-0.08	-0.40	0.02
TFE3	ID_18	45	0.00	0.59	0.59	0.12	0.30	0.29	0.79
AXIN2	ID_19	10	0.00	0.47	0.22	-0.70	-1.06	-2.00	-1.38
BRAT1	ID_20	49	0.00	0.65	0.65	0.68	0.69	0.69	0.80
GNA12	ID_21	49	0.00	0.77	0.85	0.80	0.65	0.50	0.70
PIH1D2	ID_25	31	0.00	0.39	0.51	0.02	-1.23	-0.70	-1.74
DLAT	ID_26	39	0.00	-0.06	0.37	0.78	1.02	1.64	1.32
SDHD	ID_27	2	0.00	-0.47	-0.61	-0.63	-0.41	-0.35	-0.56
CCND2	ID_28	10	0.00	0.31	-1.56	-1.24	-3.17	-3.85	-2.86
GPR107	ID_29	41	0.00	0.25	0.61	0.57	0.41	0.19	-0.03
BTBD17	ID_30	22	0.00	0.16	-0.46	-0.18	0.09	0.70	0.13
TH	ID_32	47	0.00	1.05	2.16	1.02	2.06	0.03	-1.15
DRP2	ID_35	49	0.00	1.84	3.12	2.75	2.40	1.61	3.64
LHX2	ID_37	44	0.00	1.69	-0.07	0.39	-0.55	-0.59	-0.26
GMPR	ID_38	39	0.00	-0.18	0.64	-0.07	0.80	2.18	1.75
MID2	ID_39	49	0.00	-0.16	2.01	1.03	1.18	1.41	1.68
TRIM25	ID_40	17	0.00	-1.01	0.55	0.14	-1.11	-2.17	-1.20
DGKE	ID_41	39	0.00	0.67	1.96	2.04	1.70	2.12	2.70
SCPEP1	ID_42	3	0.00	-0.64	-0.48	-0.40	-0.71	-1.41	-0.66
MNT	ID_43	38	0.00	1.00	1.66	1.04	0.35	0.07	1.39
ITGB2	ID_44	28	0.00	0.84	0.40		0.47	2.22	3.29
HDDC2	ID_45	10	0.00	-0.51	-0.68	-0.86	-0.31	-1.34	-1.78
TPD52L1	ID_46	18	0.00	-1.41	-0.33	0.09	0.14	1.13	0.11
PEMT	ID_47	9	0.00	-1.38	-0.92	-0.73	-0.92	-0.75	-0.79
CDH1	ID_48	17	0.00	-1.80	-0.60	-0.82	-1.53	-3.40	-2.84
CDH4	ID_49	41	0.00	1.20	2.35	2.32	1.96	-0.52	-0.34
CKMT1	ID_50	39	0.00	2.50	5.26	5.82	6.42	8.02	7.47
BCL6B	ID_51	16	0.00	0.13	0.55	1.69	1.11	-1.17	-2.20
COMT	ID_54	39	0.00	-0.54	0.12	-0.01	0.40	0.86	0.67
DBT	ID_56	19	0.00	-0.72	0.13	0.32	-0.04	-0.51	0.56
DAZAP2	ID_57	11	0.00	-0.02	-0.41	-0.65	-0.31	-0.04	0.25
MCTS1	ID_58	37	0.00	0.81	0.82	0.92	1.14	0.69	0.47
TRAPPC10	ID_61	40	0.00	0.36	1.52	0.83	0.84	1.36	1.47
CCM2	ID_62	48	0.00	0.20	0.06	0.31	0.45	0.62	-0.04
FAP	ID_65	4	0.00	-4.12	-3.56	-1.55	-3.48	-1.37	-1.99
EGFL6	ID_68	10	0.00	-0.01	0.04	-0.77	-0.70	-0.76	-¡Þ
LCK	ID_69	16	0.00	-0.72	0.35	0.55	0.84	-1.40	-2.84
CTTNBP2	ID_71	39	0.00	1.69	2.57	3.19	2.44	3.00	4.29
GALNT1	ID_72	10	0.00	-0.37	-1.05	-0.74	-1.09	-1.78	-1.45
MKRN2	ID_74	49	0.00	0.31	0.94	1.19	1.11	0.88	0.80
RAF1	ID_76	16	0.00	0.37	0.46	0.63	0.45	-0.62	-1.03
SEPTIN1	ID_77	21	0.00	-0.28	-1.19	-2.08	-1.81	-2.87	-1.32
PDGFB	ID_78	39	0.00	0.12	1.16	1.09	1.41	1.79	2.14
ACVRL1	ID_79	14	0.00	-0.50	0.27	0.68	-0.30	-0.47	-0.03
TAMALIN	ID_80	25	0.00	0.09	0.47	-0.40	-0.75	2.62	2.88
ACVR1B	ID_81	49	0.00	1.50	2.31	2.00	2.04	1.71	2.35
TOM1L2	ID_82	39	0.00	1.34	2.64	2.24	2.26	3.25	4.10
ZFP385A	ID_84	30	0.00	-0.07	0.83	0.25	0.30	0.15	0.62
ITGA5	ID_85	10	0.00	-1.45	-1.80	-1.36	-1.72	-2.70	-3.32
GABRA2	ID_86	49	0.00	2.01	4.04	3.76	3.97	4.05	4.90
WDR77	ID_87	10	0.00	-0.36	-0.48	-0.45	-0.87	-1.01	-0.91
ATP5PB	ID_89	29	0.00	0.02	-0.19	-0.11	0.21	0.39	-0.45
SOX9	ID_90	44	0.00	1.07	0.01	-0.14	-1.43	-2.76	-0.44
HNRNPD	ID_91	10	0.00	-0.03	-0.48	-0.68	-1.47	-2.97	-2.55
DYNLT1C	ID_92	16	0.00	0.64	0.62	0.34	0.56	-2.04	-3.53
C1D	ID_93	16	0.00	0.07	-0.14	0.06	0.36	-0.62	-1.01
GM2A	ID_94	39	0.00	0.59	1.69	1.91	2.10	2.28	2.94
KRIT1	ID_95	12	0.00	-0.01	-0.44	-0.48	-1.80	-1.13	-0.34
CLCN4	ID_96	49	0.00	1.31	2.32	2.26	2.19	2.09	2.47
SEMA4F	ID_97	49	0.00	1.49	3.47	3.38	3.16	3.10	3.86
HK2	ID_98	10	0.00	-0.93	-3.15	-3.96	-3.56	-5.95	-4.39
MYO18A	ID_99	49	0.00	1.20	1.65	1.48	0.66	0.78	2.02
SEZ6	ID_100	49	0.00	6.01	7.11	7.07	7.10	6.22	7.03
CD52	ID_102	6	0.00	-1.68	-0.12	-2.92	-1.53	-0.21	-1.03
LOXL3	ID_105	17	0.00	-0.80	0.68	-0.08	-1.01	-1.40	-0.52
KAT2B	ID_107	30	0.00	0.81	1.43	0.93	0.63	0.83	1.73
RAB5B	ID_108	49	0.00	0.73	0.79	1.00	0.90	0.70	1.26
ICOSL	ID_110	13	0.00	-1.97	-0.82	-0.40	-0.01	0.77	1.33
SPG7	ID_111	37	0.00	0.46	0.56	0.51	1.13	0.91	0.75
SULT5A1	ID_112	3	0.00	-1.75	-1.77	-0.18	-1.70	-2.76	-1.20
RPL13	ID_113	10	0.00	-0.34	-0.90	-0.62	-0.49	-1.44	-1.89
CHMP1A	ID_114	49	0.00	0.74	0.99	1.25	1.35	1.01	0.76
RPA1	ID_115	10	0.00	-0.48	-1.45	-1.20	-1.71	-1.37	-1.71
SERPINF1	ID_116	16	0.00	-1.02	-0.75	-0.16	-0.71	-0.53	-2.13
TUBGCP3	ID_117	10	0.00	-0.21	-0.13	-0.05	-0.42	-0.63	-0.50
POLR3D	ID_118	16	0.00	0.18	-0.12	0.09	0.37	-0.22	-0.71
TCF7	ID_119	10	0.00	-0.84	-0.71	-1.08	-2.16	-3.07	-3.84
DDX3X	ID_120	10	0.00	-0.22	-0.34	-0.46	-0.86	-1.37	-1.05
SLC5A5	ID_122	39	0.00	-0.16	2.40	2.72	4.06	5.73	6.82
USP32	ID_124	39	0.00	1.09	1.45	1.56	1.35	1.69	2.21
CAR4	ID_125	13	0.00	-2.30	-1.25	-2.06	-0.18	3.12	3.22
TXNRD3	ID_126	16	0.00	-0.07	0.45	0.95	1.54	-1.17	-2.36
ZFP512B	ID_128	49	0.00	0.85	1.62	1.37	1.03	-0.38	1.05
DNAJC5	ID_129	49	0.00	0.98	1.97	1.99	1.74	1.29	1.84
TPD52L2	ID_130	34	0.00	-0.04	-0.81	-0.41	-0.30	-0.07	-0.90
BCL11A	ID_132	49	0.00	2.07	2.53	2.72	2.09	1.57	2.20
PXMP4	ID_134	18	0.00	-0.37	0.58	0.59	0.97	0.86	0.75
DLG3	ID_135	39	0.00	0.32	0.54	0.32	0.27	0.95	1.57
GNB1L	ID_136	16	0.00	-0.20	-0.42	0.10	0.59	-0.80	-0.78
DBH	ID_137	17	0.00	-1.75	2.51	0.82	1.89	-1.17	-0.62
MMP11	ID_138	10	0.00	0.11	0.07	0.35	-0.64	-5.34	-4.79
SMARCB1	ID_139	44	0.00	0.60	0.74	0.61	0.39	-0.59	-0.53
HIP1R	ID_141	39	0.00	0.84	2.04	2.39	2.44	2.40	2.76
NSUN5	ID_142	17	0.00	-0.18	-0.11	0.23	-0.21	-1.13	-0.44
TOP1MT	ID_143	9	0.00	-0.91	0.31	0.45	0.38	0.41	0.49
MMP14	ID_146	10	0.00	-0.30	0.19	-0.39	-0.11	-2.91	-3.20
SLC7A7	ID_147	14	0.00	0.01	-0.02	0.79	-0.53	-1.27	-0.71
OXA1L	ID_148	41	0.00	0.26	0.54	0.53	0.38	-0.06	-0.48
HEATR6	ID_149	17	0.00	0.34	0.94	0.14	0.06	-2.59	-0.10
CCL3	ID_150	1	0.00	-3.33	-2.77	-2.77	-0.70	-2.76	-2.20
ILF2	ID_153	10	0.00	0.08	-0.25	-0.27	-0.63	-1.77	-1.69
CHTOP	ID_154	10	0.00	0.30	-0.08	0.13	-0.07	-0.54	-0.72
SNAPIN	ID_155	30	0.00	0.11	0.53	0.26	0.38	0.35	1.05
S100A4	ID_156	35	0.00	0.32	-0.92	1.08	0.74	2.26	1.97
S100A6	ID_159	39	0.00	-0.49	0.53	0.28	0.59	1.48	1.09
ICAM2	ID_161	16	0.00	-0.54	0.06	-0.07	-0.31	-0.26	-2.46
MAPK7	ID_162	44	0.00	0.22	0.31	0.38	0.02	-1.97	-1.33
EPN2	ID_163	49	0.00	0.94	1.61	1.68	1.81	1.43	2.48
B9D1	ID_164	10	0.00	-0.20	-1.38	-1.19	-1.04	-1.29	-1.68
SEC24B	ID_165	27	0.00	0.24	0.66	0.53	0.15	-0.66	0.76
N4BP3	ID_166	17	0.00	-1.25	0.31	0.51	0.97	-0.62	-0.39
RMND5B	ID_167	49	0.00	1.01	1.82	1.49	1.73	1.80	2.03
NHP2	ID_168	20	0.00	-0.69	-1.50	-1.23	-1.09	-1.19	-1.70
VPS9D1	ID_169	49	0.00	0.93	2.12	1.82	2.22	1.87	2.06
ZFP276	ID_170	41	0.00	0.18	0.01	0.44	0.51	-0.08	-0.20
C1QL4	ID_171	47	0.00	4.06	4.88	3.34	3.53	1.63	-¡Þ
MFSD10	ID_172	17	0.00	-0.01	0.09	0.19	0.25	-1.06	-0.60
LUZP1	ID_173	11	0.00	-0.80	-1.03	-1.48	-2.13	-0.36	0.49
KCTD10	ID_175	44	0.00	0.33	0.17	0.07	-0.12	-0.85	-0.63
POLDIP2	ID_176	48	0.00	0.43	0.61	0.86	1.03	1.01	0.67
IFT20	ID_178	39	0.00	0.15	-0.05	0.32	0.89	1.04	0.45
COL6A1	ID_179	17	0.00	0.84	1.69	2.01	1.12	-1.06	0.64
PCBP3	ID_180	39	0.00	0.22	0.66	0.75	0.85	0.87	0.93
LGALS9	ID_181	49	0.00	1.84	3.10	2.86	3.43	3.05	2.87
ARAF	ID_182	49	0.00	0.91	1.78	1.87	2.21	2.33	1.67
CFP	ID_183	44	0.00	0.69	1.03	0.17	-0.39	-1.91	0.34
TIMP1	ID_184	17	0.00	-0.97	-0.64	-0.33	-1.49	-4.72	-3.16
UXT	ID_185	10	0.00	-0.21	-1.28	-1.21	-1.42	-1.46	-2.11
CNNM3	ID_186	36	0.00	0.78	0.73	1.45	0.47	-0.10	0.97
LMAN2L	ID_187	48	0.00	0.44	0.73	0.40	0.33	0.63	0.25
MCM3AP	ID_188	17	0.00	0.05	0.30	0.14	-0.08	-1.09	0.05
PCNT	ID_189	5	0.00	-0.89	-0.78	-1.85	-3.14	-2.43	-0.29
MXD1	ID_191	40	0.00	1.67	1.96	1.54	0.54	0.79	1.69
GMCL1	ID_192	44	0.00	0.76	0.70	0.57	-0.66	-1.33	-0.77
SNRNP27	ID_193	10	0.00	0.08	-0.67	-0.55	-0.49	-0.64	-1.19
OCRL	ID_196	49	0.00	0.64	1.62	1.31	1.33	0.53	1.36
CALM1	ID_197	39	0.00	0.18	0.22	0.29	0.49	1.29	1.49
AGPAT3	ID_198	39	0.00	0.91	1.10	1.47	1.71	2.60	2.37
SEMA6B	ID_199	49	0.00	2.39	4.12	4.14	4.39	4.65	5.03
UHRF1	ID_200	10	0.00	-0.86	-2.69	-2.92	-4.89	-9.20	-7.65
DPP9	ID_201	30	0.00	-0.03	0.15	-0.25	-0.38	-0.05	0.50
RAMP2	ID_202	16	0.00	-0.15	0.41	0.35	0.57	0.17	-0.49
LSR	ID_203	10	0.00	-0.22	-0.58	-0.21	-0.51	-1.70	-3.14
GRAMD1A	ID_204	41	0.00	1.32	1.76	1.81	1.64	0.36	0.87
HPN	ID_205	24	0.00	-0.16	0.40		2.47	0.41	1.97
GABRG1	ID_206	49	0.00	1.16	4.65	5.05	5.68	4.77	4.82
CKB	ID_207	39	0.00	0.50	0.22	0.18	0.65	1.62	1.73
SP1	ID_208	10	0.00	-0.40	-0.76	-1.64	-2.63	-3.95	-1.63
MYG1	ID_210	10	0.00	-0.46	-0.94	-0.90	-1.02	-1.29	-0.96
RARG	ID_211	2	0.00	-1.49	-1.27	-1.33	-1.47	-1.61	-1.52
EFNB2	ID_213	44	0.00	0.83	0.05	0.64	-0.37	-1.20	-0.57
RRP15	ID_214	10	0.00	-0.87	-1.23	-1.61	-2.76	-2.71	-2.68
RND2	ID_215	48	0.00	1.87	0.88	1.36	1.60	2.34	0.86
SRR	ID_216	39	0.00	1.26	1.75	1.90	1.49	2.49	2.85
SYNC	ID_217	49	0.00	-0.16	2.40	1.40	3.06	0.41	1.97
FNDC5	ID_218	39	0.00	1.42	4.83	4.99	5.47	7.68	7.17
ACP5	ID_219	0	0.00	-3.64	-4.08	-1.83	-3.68	-3.48	-¡Þ
CNN1	ID_220	3	0.00	-2.75	-2.19	-1.60	-2.11	-3.17	-¡Þ
FBXO9	ID_221	39	0.00	0.37	1.62	1.80	2.58	2.78	2.30
VPS50	ID_222	35	0.00	0.09	-0.55	0.20	-0.03	0.37	0.47
HARS1	ID_223	18	0.00	0.10	0.26	0.37	0.57	0.70	0.12
ZMAT2	ID_224	25	0.00	-0.15	-0.40	-0.37	-0.72	0.58	0.83
UBE2C	ID_225	10	0.00	-0.60	-2.34	-2.66	-3.19	-7.65	-7.83
SMG5	ID_226	32	0.00	0.40	-0.01	0.09	0.18	-0.16	0.35
CCT3	ID_227	10	0.00	-0.52	-1.11	-0.95	-1.11	-2.00	-2.16
GLMP	ID_228	39	0.00	-0.35	0.21	0.25	0.01	0.71	0.61
MEF2D	ID_229	39	0.00	1.01	1.57	1.70	1.98	2.58	3.53
SND1	ID_231	26	0.00	-0.15	0.08	-0.02	0.14	-0.67	-0.09
COL18A1	ID_232	10	0.00	-1.16	-1.19	-2.07	-2.79	-5.44	-7.20
SLC19A1	ID_233	41	0.00	0.15	0.62	0.91	0.91	0.38	-0.03
KPNB1	ID_234	10	0.00	-0.62	-1.04	-1.26	-1.89	-2.40	-1.80
NPEPPS	ID_235	49	0.00	0.57	1.33	0.75	0.78	0.15	1.02
MRPL10	ID_237	6	0.00	-0.38	-0.29	-0.71	-0.29	0.05	-0.15
CYP51	ID_238	16	0.00	0.07	-0.08	0.17	-0.10	-1.09	-2.04
TCF25	ID_239	39	0.00	0.66	1.38	1.47	1.83	2.31	2.29
TUBB6	ID_240	10	0.00	-1.49	-2.68	-2.37	-2.83	-4.90	-7.51
DEF8	ID_241	47	0.00	0.60	0.81	0.39	0.89	0.35	0.10
MEOX1	ID_242	34	0.00		-0.77	0.40	-0.11	0.24	-2.20
NKX2-1	ID_244	10	0.00	2.04	0.70	-0.18	-0.47	-3.59	-4.62
IRX2	ID_246	44	0.00	0.71	1.24	0.36	0.19	-2.55	-¡Þ
COL1A1	ID_247	31	0.00	0.09	0.20	2.17	-1.28	-1.15	-3.40
ITGA3	ID_248	17	0.00	-0.59	1.44	0.77	1.16	-0.08	-0.18
FOXM1	ID_251	10	0.00	-0.20	-2.29	-2.52	-3.38	-5.03	-4.48
ITFG2	ID_252	17	0.00	-0.03	0.83	0.75	0.75	-0.34	0.35
NRIP2	ID_253	39	0.00	0.84	2.57	2.72	3.47	5.54	4.49
TULP3	ID_254	44	0.00	0.08	-0.11	-0.08	-0.27	-1.40	-0.67
GTF2H4	ID_255	20	0.00	-0.52	-1.36	-1.12	-0.95	-0.67	-0.98
TUBB5	ID_256	16	0.00	0.49	0.72	0.87	0.72	-1.69	-2.10
ELL2	ID_257	25	0.00	-2.90	-2.12	-1.92	-2.85	1.48	1.81
JUP	ID_258	49	0.00	0.91	2.20	1.64	1.40	0.57	2.05
FKBP10	ID_259	17	0.00	-0.68	-0.64	-0.28	-0.90	-3.19	-2.00
NOM1	ID_261	12	0.00	-0.12	-0.15	-0.30	-1.13	-0.82	-0.05
ERGIC1	ID_262	49	0.00	0.32	0.87	0.71	0.56	0.23	0.74
TCEA3	ID_265	7	0.00	-1.48	-0.34	0.08	-0.26	-0.33	-1.36
STK38L	ID_268	25	0.00	0.19	0.13	-0.21	-0.30	0.36	1.01
BRPF1	ID_269	26	0.00	-0.01	-0.01	0.02	0.12	-0.82	-0.01
AKR1B1	ID_270	10	0.00	-0.88	-1.48	-1.47	-1.23	-1.47	-1.85
GSTT1	ID_275	39	0.00	0.28	0.98	2.12	2.62	1.85	1.80
GSTT3	ID_276	39	0.00	-0.16	0.40	2.99	3.06	2.73	3.55
DDX18	ID_280	10	0.00	-0.57	-1.75	-1.70	-2.14	-2.42	-2.70
UBL3	ID_281	39	0.00	1.00	1.42	1.66	1.39	2.98	3.01
GRAMD2B	ID_282	13	0.00	-1.38	-1.27	-1.40	-0.85	0.04	0.64
EEF1E1	ID_283	16	0.00	0.35	0.06	0.28	0.67	-0.65	-1.38
AKT1	ID_284	41	0.00	0.75	0.98	1.11	0.93	-0.17	-0.16
IL16	ID_286	23	0.00	2.42	0.40	1.99	0.47	0.41	5.36
TCIRG1	ID_287	23	0.00	-0.45	-0.25	0.40	0.60	-0.24	1.26
NAGLU	ID_288	37	0.00	0.45	1.07	0.96	1.88	0.57	1.40
SMO	ID_290	10	0.00	-0.76	-1.38	-1.85	-2.49	-3.26	-3.26
TSPAN33	ID_291	9	0.00	-2.56	-0.10	-0.25	-0.17	1.04	0.84
CRNKL1	ID_292	10	0.00	-0.10	-1.13	-1.22	-1.82	-2.21	-2.40
RIN2	ID_293	40	0.00	0.29	0.81	0.07	-0.23	0.73	0.84
FOLH1	ID_294	39	0.00		2.72	1.99	4.17	5.66	3.97
CHORDC1	ID_295	10	0.00	-0.32	-0.92	-0.98	-1.23	-1.32	-1.24
RTCB	ID_296	16	0.00	-0.35	-0.28	-0.32	-0.17	-0.59	-0.81
PWP1	ID_297	10	0.00	-0.03	-0.81	-0.70	-0.78	-1.78	-1.98
FBXO7	ID_298	6	0.00	-0.47	0.33	-0.08	0.44	1.38	0.86
CAPNS1	ID_299	37	0.00	0.10	0.52	0.63	1.06	0.60	0.40
LRP3	ID_300	49	0.00	0.76	1.31	1.23	0.72	0.23	0.80
FOLR1	ID_303	41	0.00	-0.16	1.06	1.83	1.16	0.79	0.24
CLPB	ID_304	23	0.00	-0.34	-0.51	-0.06	-0.01	0.42	0.61
SEPTIN7	ID_305	25	0.00	0.22	-0.13	-0.42	-0.70	0.54	1.22
ZDHHC4	ID_306	41	0.00	0.40	0.81	0.51	0.82	0.07	0.23
RAC1	ID_307	30	0.00	0.11	0.48	0.43	0.12	0.04	0.59
NUP214	ID_308	27	0.00	-0.09	0.45	-0.15	-0.39	-1.33	0.38
AIF1L	ID_309	10	0.00	-0.18	-1.40	-1.19	-1.23	-3.25	-2.30
LTBP1	ID_311	12	0.00	-0.28	-1.98	-0.60	-2.64	-3.29	-0.93
UGP2	ID_312	39	0.00	-0.22	0.20	0.17	0.16	0.81	0.56
KCNH6	ID_313	48	0.00		2.98	3.40	3.06	2.73	0.97
TRMT1	ID_314	26	0.00	0.21	0.29	0.46	0.66	-0.07	0.23
NACC1	ID_315	11	0.00	-0.18	-0.28	-0.46	-0.50	-0.53	0.14
NFIX	ID_316	49	0.00	5.62	6.02	7.32	6.10	5.18	7.77
SLC1A5	ID_317	10	0.00	-0.69	-1.31	-1.31	-2.10	-4.16	-3.02
UBA1	ID_318	17	0.00	0.60	1.20	0.75	0.54	-0.58	0.09
VWF	ID_319	38	0.00	0.29	1.26	-0.25	0.60	-0.24	0.51
SIAE	ID_320	30	0.00	0.01	0.31	0.21	0.06	0.66	1.72
VSIG2	ID_321	36	0.00	0.84	0.40	2.72		0.41	2.55
ESAM	ID_322	41	0.00	0.20	0.91	1.19	0.84	0.41	-0.57
SPA17	ID_323	16	0.00	0.14	0.50	0.22	0.05	-1.02	-1.46
FAM50A	ID_324	44	0.00	0.15	0.24	0.14	0.11	-1.12	-0.56
EMD	ID_325	20	0.00	-0.13	-0.56	-0.44	-0.67	-0.53	-0.58
TACO1	ID_326	12	0.00	-0.32	-0.35	-0.16	-0.71	-0.61	-0.06
GRIK3	ID_327	49	0.00	2.57	3.88	3.90	3.41	2.76	3.72
GRIA3	ID_328	39	0.00	1.16	2.98	2.94	2.88	4.78	5.93
NPAS1	ID_329	39	0.00	2.84	3.40	5.16	5.72	5.27	5.21
SIPA1L2	ID_330	38	0.00	1.20	1.44	0.82	0.07	0.00	0.89
AP4E1	ID_331	17	0.00	-0.03	0.80	0.58	-0.31	-1.22	-0.08
BLVRA	ID_332	39	0.00	0.38	0.23	0.09	0.61	1.36	1.01
PDZD4	ID_333	49	0.00	2.42	3.64	3.62	3.47	2.32	2.82
IDH3G	ID_335	39	0.00	0.05	-0.00	0.09	0.11	0.56	0.55
PNCK	ID_336	48	0.00	2.24	3.63	3.89	4.14	4.28	2.92
SSR4	ID_337	1	0.00	-0.10	-0.40	-0.06	0.47	0.27	-0.47
BCAP31	ID_338	11	0.00	-0.53	-0.35	-0.77	-0.62	-0.18	-0.16
FAM98A	ID_339	10	0.00	0.09	-0.28	-0.33	-0.39	-0.85	-0.41
KMT2A	ID_341	27	0.00	0.66	1.26	0.72	-0.32	-0.83	0.71
IFT46	ID_342	47	0.00	0.46	0.38	0.72	0.49	0.35	-0.64
TMEM25	ID_343	39	0.00	0.16	1.92	2.10	2.38	4.55	4.99
TRAPPC6A	ID_345	16	0.00	0.03	0.12	-0.12	0.32	0.28	-0.88
SUPT6	ID_346	30	0.00	0.03	0.52	0.33	0.00	0.06	1.07
SPAG5	ID_347	10	0.00	-0.52	-2.07	-2.19	-2.40	-3.57	-4.13
UNC119	ID_348	16	0.00	0.41	0.42	0.69	1.22	0.05	-0.84
RAB34	ID_349	16	0.00	-1.09	-0.52	-0.37	-0.27	-1.15	-1.51
SDF2	ID_350	18	0.00	0.23	0.29	0.48	0.81	0.75	0.25
CCNE1	ID_351	11	0.00	-1.35	-2.06	-2.27	-2.11	-1.76	-1.27
BBC3	ID_353	41	0.00	-0.02	0.92	1.66	1.89	-0.80	-0.94
PSMC3	ID_355	11	0.00	-0.32	-0.65	-0.61	-0.47	-0.41	-0.35
ACP2	ID_356	39	0.00	0.48	0.56	0.64	0.49	0.75	1.19
RAPSN	ID_357	48	0.00	0.25	0.81	1.14	0.47	1.15	0.38
SLC39A13	ID_358	39	0.00	-0.16	0.94	0.70	0.91	1.22	1.37
CELF2	ID_359	49	0.00	1.73	2.04	2.20	1.01	0.58	1.57
NR1H3	ID_360	39	0.00	0.03	0.91	0.76	0.67	1.30	0.97
DDB2	ID_361	49	0.00	1.27	1.09	0.79	1.42	1.03	1.17
SPI1	ID_362	23	0.00	0.63	0.40	1.03	0.47	0.65	1.68
SF3A1	ID_363	10	0.00	0.21	-0.31	-0.40	-0.86	-1.42	-0.60
STAT6	ID_364	3	0.00	-1.03	-0.23	-0.74	-0.16	-1.74	-0.18
CLGN	ID_365	49	0.00	2.30	3.92	4.10	3.80	3.58	3.29
NAPSA	ID_366	40	0.00	-1.16	2.72		-0.53	2.00	1.97
VRK3	ID_367	22	0.00	-0.03	-0.50	-0.18	-0.06	0.19	-0.11
SMG9	ID_368	49	0.00	0.46	1.34	1.17	1.17	1.16	1.76
PAXIP1	ID_369	12	0.00	-0.10	-0.22	-0.18	-0.55	-0.56	-0.06
RMND5A	ID_370	25	0.00	-0.37	-0.18	-0.69	-1.03	-0.14	0.88
MOV10	ID_371	21	0.00	-0.09	0.47	-1.04	0.31	-1.03	-0.28
PPM1J	ID_372	19	0.00	-1.16	0.40	0.72	0.06	-0.00	-¡Þ
RHOC	ID_373	10	0.00	-0.71	-0.83	-0.86	-0.98	-1.51	-2.65
TEAD3	ID_375	10	0.00	-1.26	-1.00	-0.81	-2.58	-2.64	-3.31
PPARD	ID_376	6	0.00	-0.32	-0.07	-0.34	-0.13	0.41	0.54
DEF6	ID_377	41	0.00	0.93	1.72	1.86	2.00	1.11	-0.45
PEG3	ID_378	30	0.00	-0.05	0.76	0.03	-0.15	0.12	0.72
ZIM1	ID_379	17	0.00	0.32	1.85	1.54	1.37	-1.91	-1.36
METRN	ID_380	2	0.00	-1.33	-1.42	-1.43	-0.87	-0.74	-1.24
LMF1	ID_381	18	0.00	-0.05	0.44	0.47	0.40	1.01	0.43
CIAO3	ID_382	39	0.00	0.57	0.56	0.85	0.61	1.60	0.94
ANGPTL4	ID_383	16	0.00	-0.95	-0.42	-0.28	0.06	-2.24	-3.17
DBF4	ID_384	10	0.00	-0.62	-2.45	-2.74	-3.43	-7.02	-6.47
DAXX	ID_385	17	0.00	0.11	0.25	0.47	0.05	-1.65	-0.87
CD320	ID_386	2	0.00	-0.44	-0.82	-0.79	-0.40	-0.46	-1.78
IPO4	ID_387	17	0.00	-0.27	0.70	0.52	0.58	-0.44	-0.04
TM9SF1	ID_388	49	0.00	0.52	0.57	0.57	0.59	0.16	0.57
REC8	ID_389	19	0.00	-0.16	2.72	2.40	2.06		2.97
IRF9	ID_390	41	0.00	0.02	0.78	0.97	0.20	0.14	0.03
GMPR2	ID_391	12	0.00	-0.37	-0.85	-0.42	-0.96	-0.93	-0.86
MDP1	ID_392	41	0.00	0.31	0.57	0.68	0.70	0.35	0.29
DHRS1	ID_393	39	0.00	0.11	0.04	0.49	0.51	1.11	0.96
NCAN	ID_394	49	0.00	2.91	4.20	3.50	3.01	1.83	2.98
TMEM161A	ID_395	1	0.00	-0.03	-0.38	0.27	0.43	0.26	-0.11
ARMC6	ID_396	41	0.00	0.95	1.53	2.17	2.54	1.27	0.62
BORCS8	ID_397	49	0.00	0.53	0.41	0.56	0.49	0.43	0.38
SLC25A42	ID_398	39	0.00	0.35	2.35	1.60	1.67	2.41	3.44
SNX9	ID_399	2	0.00	-0.90	-0.62	-0.78	-0.99	-0.81	-1.05
NDUFA11	ID_401	18	0.00	-0.03	0.24	0.27	0.67	0.95	0.43
NR2F6	ID_403	1	0.00	-1.18	-1.35	-0.79	-0.46	-1.11	-1.29
USE1	ID_404	37	0.00	0.50	0.46	0.78	0.89	0.65	0.41
OCEL1	ID_405	18	0.00	0.72	1.56	2.48	3.11	3.62	-0.15
DYRK1B	ID_406	46	0.00	0.42	0.65	-0.29	0.17	0.75	0.70
BRAF	ID_407	30	0.00	-0.05	0.92	0.66	0.16	0.95	2.42
NDUFB2	ID_408	18	0.00	0.04	0.08	0.51	1.12	1.45	0.37
HLTF	ID_409	12	0.00	0.29	-0.78	-0.44	-1.21	-1.60	-0.44
PRPF6	ID_410	44	0.00	0.09	0.07	-0.01	-0.35	-0.91	-0.25
RGS19	ID_411	1	0.00	-0.52	-0.26	0.03	0.53	-0.27	-0.19
RGS20	ID_412	39	0.00	2.60	2.88	2.47	2.96	3.58	4.93
ABHD3	ID_413	39	0.00	0.25	1.40	0.40	3.75	6.40	6.14
SNRPD1	ID_414	10	0.00	-0.44	-1.11	-1.33	-1.75	-2.67	-2.75
TCHP	ID_415	44	0.00	0.53	0.60	0.54	0.25	-1.36	-0.93
TIAM1	ID_416	40	0.00	0.74	1.58	1.50	-0.04	1.64	2.41
TSC2	ID_417	30	0.00	0.53	1.33	0.84	0.17	-0.10	1.54
NHERF2	ID_419	39	0.00	-0.62	0.55	0.92	1.38	1.89	1.32
PUF60	ID_420	10	0.00	-0.09	-0.27	-0.21	-0.28	-0.52	-0.72
GOLGA2	ID_421	39	0.00	0.52	1.07	0.84	0.99	0.98	1.56
UCK1	ID_422	37	0.00	0.29	0.49	0.57	0.93	0.45	0.05
IKZF4	ID_424	49	0.00	1.54	3.86	2.72	1.47	0.22	1.77
MIEN1	ID_425	48	0.00	0.80	1.10	1.33	1.63	1.81	1.23
AXL	ID_427	45	0.00	0.56	0.30	-0.05	-0.02	-0.01	0.86
TGFB1	ID_428	5	0.00	-0.53	0.65	0.03	-0.90	-0.64	0.01
CCDC97	ID_429	38	0.00	0.47	0.86	0.27	0.47	-0.17	0.20
ZFP40	ID_430	17	0.00	0.28	1.26	0.99	0.06	-0.70	0.62
AKAP8L	ID_431	49	0.00	0.43	1.34	1.30	1.08	0.86	1.99
SHH	ID_432	10	0.00	-1.11	-1.59	-3.51	-2.86	-3.37	-4.27
PDCD2L	ID_433	41	0.00	0.36	0.21	0.65	0.63	-0.05	-0.40
CLPP	ID_435	18	0.00	-0.00	0.04	0.20	0.35	0.58	0.01
ALKBH7	ID_436	18	0.00	0.04	0.52	0.80	1.12	1.09	0.09
DENND1C	ID_437	47	0.00	1.65	2.57	2.07	1.98		-1.62
MED6	ID_438	10	0.00	-0.45	-1.45	-1.57	-1.48	-1.83	-2.37
PRKD1	ID_439	23	0.00	0.30	-1.02	-0.28	-0.65	-0.27	0.55
LCP2	ID_440	36	0.00	1.65	1.72	2.72	2.06	-0.59	1.55
CSE1L	ID_441	10	0.00	-0.54	-1.59	-1.46	-1.91	-2.12	-2.45
NAA20	ID_442	22	0.00	0.05	-0.55	-0.30	0.21	0.59	0.08
PRKRA	ID_443	16	0.00	0.21	-0.04	0.17	0.23	-1.51	-2.05
FKBP7	ID_444	34	0.00	-0.01	-0.27	0.35	-0.11	-0.02	-0.79
PLEKHA3	ID_445	45	0.00	0.65	0.64	0.78	0.58	0.60	1.55
YKT6	ID_446	41	0.00	0.51	0.90	0.99	1.24	-0.02	-0.46
BAZ1B	ID_447	10	0.00	0.01	-0.38	-0.76	-1.37	-2.02	-0.69
PEX6	ID_448	45	0.00	0.48	0.44	0.58	0.23	0.28	0.90
MRPL2	ID_449	2	0.00	-0.24	-0.53	-0.51	-0.38	-0.09	-0.73
MEA1	ID_450	18	0.00	0.23	0.28	0.56	1.24	0.88	-0.16
GNMT	ID_451	39	0.00	-0.16	1.40	1.99	3.64	2.73	3.97
GRIN2D	ID_452	49	0.00	4.01	7.39	6.59	6.70	4.80	5.36
KDELR1	ID_453	26	0.00	0.25	0.28	0.18	0.51	-0.20	-0.03
TMEM143	ID_454	39	0.00	-0.32	0.91	0.80	1.42	1.38	1.44
GGCT	ID_455	39	0.00	-0.87	0.23	0.19	0.30	1.57	1.03
JAG2	ID_456	41	0.00	1.05	1.80	2.57	2.08	1.01	1.23
BTBD6	ID_457	39	0.00	0.98	1.70	1.86	2.03	2.34	2.75
NUDT14	ID_458	34	0.00	-0.47	-0.81	-0.24	-0.59	-0.65	-1.67
EPDR1	ID_459	39	0.00	0.80	0.44	0.86	1.37	3.44	3.74
FLII	ID_460	27	0.00	0.02	0.34	0.43	-0.03	-0.76	0.34
TOP3A	ID_461	10	0.00	-0.31	-0.92	-1.01	-1.53	-2.59	-1.77
ATG4D	ID_462	46	0.00	0.65	0.38	0.52	0.55	1.16	0.79
QTRT1	ID_463	10	0.00	-0.32	-0.62	-0.35	-0.78	-1.53	-1.14
HDGFL2	ID_465	44	0.00	0.24	0.15	0.00	-0.01	-0.74	-0.43
CHAF1A	ID_466	10	0.00	-0.90	-2.36	-2.49	-3.51	-4.31	-4.60
ADPRH	ID_467	48	0.00	0.39	0.55	0.54	0.61	0.53	0.13
TMEM39A	ID_468	10	0.00	-0.51	-0.93	-1.06	-1.54	-2.92	-2.05
TIMMDC1	ID_469	12	0.00	0.37	-0.16	0.03	-0.81	-0.48	-0.09
PLA1A	ID_470	19	0.00	-1.16		1.72	1.47	0.41	1.55
MCM2	ID_471	10	0.00	-0.69	-2.56	-2.50	-3.11	-5.68	-4.86
TPRA1	ID_472	39	0.00	0.42	0.84	0.53	0.44	0.88	1.13
NAB1	ID_473	49	0.00	0.16	1.57	1.24	0.71	0.69	1.20
ADGRE5	ID_474	17	0.00	0.07	0.40	0.20	-0.46	-0.94	-0.75
IL17RA	ID_475	25	0.00	0.49	1.18	0.60	-0.33	2.19	2.74
LAMB1	ID_476	17	0.00	-0.62	0.18	0.23	-1.29	-2.61	-1.51
KCNN1	ID_477	48	0.00	1.04	0.94	0.92	1.22	0.85	0.56
ARRDC2	ID_478	39	0.00	0.63	0.75	1.11	1.10	2.00	2.46
PPP1R17	ID_479	10	0.00	0.11	-0.99	-2.10	-2.29	-2.68	-¡Þ
CD36	ID_480	17	0.00	0.69	2.94	1.54	-0.26	-1.91	-1.36
MAP2K7	ID_481	25	0.00	0.37	0.42	0.50	0.05	0.75	1.02
TIMM44	ID_482	2	0.00	-0.72	-0.66	-0.69	-0.74	-0.30	-0.47
AP2A2	ID_483	39	0.00	0.35	1.00	1.08	0.61	0.79	1.66
PNKP	ID_484	35	0.00	0.75	0.04	0.80	0.81	0.72	0.18
MED25	ID_485	44	0.00	0.37	0.49	0.26	0.19	-0.43	0.04
BCAM	ID_486	7	0.00	-1.99	-1.23	-1.32	-0.79	-1.69	-1.66
CLPTM1	ID_487	39	0.00	0.33	1.00	1.11	1.43	1.60	1.13
RELB	ID_488	49	0.00	1.58	1.72	1.99	1.89	2.00	1.70
TOMM40	ID_489	18	0.00	-0.29	-0.07	-0.15	0.59	0.37	-0.06
APOE	ID_490	39	0.00	0.34	1.71	2.79	4.49	5.56	4.99
HBP1	ID_492	10	0.00	-0.04	-0.58	-0.81	-1.33	-1.70	-1.44
PRKAR2B	ID_493	41	0.00	1.10	1.90	2.16	1.86	0.16	0.29
CDKN1B	ID_494	44	0.00	1.19	0.43	0.97	0.28	-0.95	0.20
KLF4	ID_495	19	0.00	0.16	0.81	1.28	0.47	0.41	0.70
AP1M1	ID_496	41	0.00	0.52	0.86	0.82	0.73	-0.44	-0.67
RAB8A	ID_497	10	0.00	-0.04	-0.64	-0.61	-0.25	-0.79	-1.39
HMGN2	ID_498	10	0.00	-0.06	-1.12	-1.15	-1.72	-3.45	-3.53
FAM32A	ID_499	47	0.00	0.41	0.28	0.10	0.14	-0.24	-0.50
STARD3NL	ID_502	41	0.00	0.43	0.71	0.78	0.71	-0.01	-0.40
STK11	ID_503	44	0.00	0.29	0.41	0.55	-0.01	-0.28	0.02
EFNA2	ID_504	10	0.00	-0.02	-0.25	-0.56	-0.55	-2.80	-3.00
ATP5F1D	ID_505	39	0.00	0.05	0.30	0.33	0.61	1.13	0.66
PPP5C	ID_506	39	0.00	0.04	0.34	0.29	0.94	1.26	1.02
CDK12	ID_507	43	0.00	0.17	0.25	-0.52	-1.85	-1.40	-0.26
LIPE	ID_508	41	0.00	0.03	0.84	1.35	1.06	0.77	0.33
PAFAH1B2	ID_509	27	0.00	0.48	0.55	0.45	-0.54	-1.00	0.12
TBC1D8	ID_510	39	0.00	0.48	1.40	2.19	1.76	2.45	2.12
CNOT11	ID_511	12	0.00	-0.28	-0.57	-0.15	-0.83	-0.65	-0.53
SLC2A3	ID_512	13	0.00	-1.88	-0.82	-0.62	-0.06	0.59	0.84
FOXJ2	ID_513	49	0.00	0.97	1.98	1.93	1.56	1.22	2.42
SRI	ID_514	34	0.00	-0.19	-0.36	-0.10	-0.13	-0.14	-0.82
DGCR2	ID_515	17	0.00	0.16	0.54	0.62	0.40	-0.45	-0.16
IRF3	ID_516	10	0.00	0.08	-0.45	-0.39	-0.97	-1.36	-0.62
BCL2L12	ID_517	10	0.00	-0.42	-1.62	-1.47	-2.13	-2.78	-2.64
ZFP959	ID_518	10	0.00	0.05	-0.49	-0.60	-0.32	-1.48	-1.15
MPND	ID_519	47	0.00	0.73	0.62	0.65	0.55	0.40	-0.03
SH3GL1	ID_520	10	0.00	0.03	-0.16	0.07	-0.22	-0.49	-0.79
EBI3	ID_521	41	0.00	0.65	1.72	1.79	2.38	0.41	-0.03
RANBP2	ID_523	12	0.00	-0.21	-0.54	-1.29	-1.84	-1.43	-0.32
EDAR	ID_524	28	0.00	0.84	0.40	2.40		1.41	1.97
GRK5	ID_525	29	0.00	0.23	1.16	0.29	0.47	0.84	-0.15
DVL3	ID_526	17	0.00	0.37	1.01	0.30	-0.67	-1.28	-0.22
ABCF3	ID_527	39	0.00	0.33	0.40	0.51	0.73	0.86	0.66
EIF2B5	ID_528	10	0.00	-0.08	-0.12	-0.10	-0.30	-0.61	-0.52
CYTH2	ID_529	41	0.00	1.13	1.27	1.26	1.30	0.62	0.43
SULT2B1	ID_530	39	0.00		0.40	2.21	2.47	4.87	4.55
CAR11	ID_531	39	0.00	2.05	3.51	4.12	4.62	5.64	5.47
DLGAP1	ID_532	39	0.00	3.75	6.35	6.55	7.12	9.16	10.11
PLAG1	ID_533	12	0.00	-0.25	-1.60	-1.86	-2.79	-3.59	-1.03
HCK	ID_534	18	0.00	0.06	0.98	0.82	1.70	1.00	-0.03
MRPL4	ID_535	39	0.00	0.05	-0.09	0.14	0.10	0.60	0.49
KEAP1	ID_536	39	0.00	0.42	1.20	0.99	1.35	1.36	1.53
AP1M2	ID_537	14	0.00	-2.07	-0.92	-0.05	-1.11	-1.91	-1.94
GLG1	ID_538	30	0.00	0.35	0.92	0.46	0.04	0.13	1.36
ATP8B3	ID_539	16	0.00	0.65	1.72	1.21	1.64	0.41	-1.03
BTBD2	ID_540	49	0.00	0.47	0.73	0.69	0.33	0.27	0.48
CSNK1G2	ID_541	39	0.00	-0.03	-0.19	-0.08	0.10	0.55	0.56
ABHD17A	ID_542	39	0.00	0.55	0.75	0.89	1.52	2.29	1.62
MOB3A	ID_543	17	0.00	0.02	0.53	0.06	0.36	-2.02	-1.88
CACNB3	ID_544	49	0.00	1.51	2.23	2.24	1.95	1.96	2.34
CCDC65	ID_545	39	0.00	0.84	2.81	2.99	3.06	3.41	2.97
FKBP11	ID_546	14	0.00	-1.84	-1.49	-0.66	-1.65	-2.00	-1.81
DDX23	ID_547	27	0.00	0.21	-0.26	0.01	-0.82	-1.13	0.23
PLD3	ID_548	39	0.00	1.25	2.18	2.67	3.50	4.75	4.38
GRIK5	ID_549	49	0.00	1.19	2.15	1.67	1.96	1.90	2.49
CD79A	ID_550	18	0.00	-0.16		1.40	2.80	3.22	0.97
RABAC1	ID_551	39	0.00	0.68	1.59	1.91	2.75	2.93	2.19
ETV3	ID_552	27	0.00	0.14	0.49	0.24	-0.59	-0.04	0.55
PRKCSH	ID_553	17	0.00	0.26	0.54	0.38	0.40	-0.16	-0.04
ELAVL3	ID_554	49	0.00	2.46	3.54	3.19	3.01	1.43	2.17
RAB3B	ID_555	49	0.00	1.26	3.61	3.68	4.57	4.11	4.04
FCGRT	ID_557	49	0.00	0.74	2.03	2.25	2.57	2.18	1.41
NOSIP	ID_558	18	0.00	0.13	0.44	0.59	0.65	0.64	0.27
PIH1D1	ID_559	16	0.00	0.15	0.01	0.30	0.32	-0.61	-1.37
RPS11	ID_560	10	0.00	-0.15	-0.57	-0.53	-1.00	-2.07	-1.92
SUPT5	ID_561	27	0.00	0.11	0.29	0.37	0.12	-0.17	0.52
DLL3	ID_562	10	0.00	0.35	-0.17	-1.16	-1.25	-2.74	-3.38
PAF1	ID_563	17	0.00	0.09	0.58	0.12	0.18	-0.56	0.17
TIMM50	ID_564	10	0.00	-0.27	-0.90	-0.79	-0.35	-1.38	-1.74
MED29	ID_565	11	0.00	-0.37	-0.55	-0.39	-0.63	-0.13	-0.14
BICD1	ID_566	40	0.00	-0.42	0.62	0.99	-1.11	0.41	0.97
NCSTN	ID_567	27	0.00	0.65	0.81	0.67	0.19	-0.06	0.70
PEX19	ID_568	16	0.00	0.18	0.18	0.26	0.31	0.26	-0.39
PHYHIP	ID_569	39	0.00	-0.16	1.72	1.90	3.89	7.73	8.19
CRHR2	ID_570	19	0.00	-1.16	0.40	1.40	-0.53		2.55
INMT	ID_571	11	0.00		-1.60	-2.60	-2.53	-0.00	1.42
IMPDH1	ID_573	18	0.00	0.33	1.10	1.19	1.81	1.57	1.11
DUSP3	ID_574	39	0.00	0.25	1.57	1.95	1.79	3.97	4.95
PRODH	ID_575	23	0.00	-1.04	-2.32	-1.64	-0.99	1.47	2.36
ESS2	ID_576	47	0.00	0.39	0.52	0.27	0.38	0.03	-0.57
SLC25A1	ID_577	41	0.00	0.58	1.17	1.44	1.44	0.39	-0.08
DGCR6	ID_578	48	0.00	0.42	0.36	0.55	0.96	0.93	0.14
DDR1	ID_579	44	0.00	1.16	0.69	0.27	-0.08	-0.25	-0.27
IER3	ID_580	39	0.00	0.84	1.47	1.78	1.68	2.61	2.17
KLC4	ID_582	44	0.00	0.61	0.31	0.07	-0.13	-0.22	-0.23
ERCC1	ID_583	44	0.00	-0.03	-0.26	-0.01	-0.53	-1.25	-0.35
AS3MT	ID_585	17	0.00	-0.78	0.84	0.03	-0.00	-0.71	-0.82
HOMER3	ID_586	10	0.00	-0.05	-1.03	-0.95	-1.26	-2.05	-1.26
CRTC1	ID_587	49	0.00	1.09	2.42	2.04	1.72	1.83	3.11
RNF215	ID_588	37	0.00	0.76	1.31	1.26	1.84	0.71	0.66
SEC14L2	ID_589	39	0.00	-1.04	-0.06	-0.15	0.87	2.04	2.73
AVEN	ID_590	10	0.00	-0.63	-0.89	-0.80	-0.87	-1.03	-0.89
CP	ID_591	7	0.00	-1.22	0.40	-0.15	-0.08	-0.33	-1.09
CROT	ID_592	11	0.00	-0.09	-1.11	-0.77	-0.47	0.02	-0.12
RPS6KA1	ID_593	17	0.00	-0.01	0.57	0.07	0.50	-0.54	-0.47
CALB2	ID_594	48	0.00	3.54	4.63	5.55	6.21	5.35	2.29
SNRNP200	ID_595	10	0.00	-0.27	-0.19	-0.46	-0.78	-1.40	-0.67
CIAO1	ID_596	22	0.00	0.27	-0.39	0.18	0.34	1.39	0.68
TAF6L	ID_598	44	0.00	-0.02	-0.24	0.28	0.08	-1.13	-0.48
INSIG2	ID_599	39	0.00	0.63	0.94	1.02	0.73	1.55	1.88
KPNA6	ID_600	40	0.00	0.72	1.10	0.88	-0.02	0.59	1.51
MAN1A	ID_601	39	0.00	-0.53	1.61	1.30	1.06	2.67	2.59
ITPKC	ID_602	41	0.00	0.78	0.88	1.18	1.26	-0.23	-0.68
COQ8B	ID_603	49	0.00	0.75	0.77	0.90	0.87	1.03	0.97
BRD8	ID_604	10	0.00	-0.10	-0.14	-0.32	-0.55	-1.19	-0.80
KIF20A	ID_605	10	0.00	-0.86	-2.95	-2.95	-4.04	-7.11	-6.55
FARSA	ID_606	26	0.00	0.10	0.05	0.36	0.51	-0.59	-0.42
GCDH	ID_607	23	0.00	-0.14	-0.69	-0.04	-0.07	0.24	0.36
MAST2	ID_608	49	0.00	0.91	1.89	1.67	0.99	0.23	1.44
DNASE2A	ID_609	13	0.00	-0.72	-1.44	-0.92	-0.36	-0.53	-0.51
RAD23A	ID_610	39	0.00	0.22	0.50	0.33	0.48	1.17	1.23
CALR	ID_611	12	0.00	-0.20	-0.17	-0.27	-0.58	-0.60	-0.13
SYCE2	ID_612	10	0.00	-0.23	-1.70	-1.45	-0.67	-3.94	-2.65
NFAT5	ID_613	30	0.00	-0.11	0.52	-0.11	-0.93	-0.72	0.87
NOB1	ID_614	10	0.00	-0.35	-0.83	-0.67	-0.73	-1.17	-1.40
NQO1	ID_615	41	0.00	0.08	1.03	0.94	1.18	-0.46	-0.17
PPFIA3	ID_616	39	0.00	1.54	3.00	3.07	3.01	3.85	4.05
GYS1	ID_617	17	0.00	-0.07	0.15	-0.16	-0.39	-1.46	-0.03
RUVBL2	ID_618	10	0.00	-0.11	-0.49	-0.46	-0.56	-1.76	-1.74
BAX	ID_620	16	0.00	-0.01	0.26	0.23	0.75	-0.21	-0.59
TFAM	ID_621	10	0.00	-0.49	-1.39	-1.15	-1.37	-1.07	-1.68
ZFP81	ID_622	44	0.00	1.13	-0.07	-0.18	-0.53	-3.76	-2.20
EFNB3	ID_623	41	0.00	0.96	1.86	1.66	2.03	0.73	0.66
MMD	ID_624	39	0.00	0.81	1.64	1.73	1.50	1.89	2.59
HLF	ID_625	39	0.00	1.93	2.40	2.93	1.80	5.63	6.78
FAM162A	ID_626	20	0.00	-0.28	-1.38	-1.04	-1.23	-0.85	-1.22
RPL8	ID_627	10	0.00	-0.36	-0.70	-0.61	-0.68	-1.69	-1.83
GRM3	ID_628	39	0.00	2.16	3.65	4.05	4.52	4.75	5.21
SSBP2	ID_629	41	0.00	0.65	0.68	1.08	0.74	-0.07	-0.23
FANCL	ID_630	10	0.00	-0.60	-1.58	-1.94	-1.46	-2.71	-2.97
BRINP2	ID_631	49	0.00	4.05	5.53	5.81	5.95	6.69	6.67
GSTM5	ID_632	22	0.00	0.11	-0.53	-0.38	0.11	1.07	0.65
GSTM7	ID_633	44	0.00	1.82	1.97	1.35	1.23	0.27	1.25
STAT3	ID_635	49	0.00	0.77	1.59	1.08	0.89	0.83	1.47
STAT5A	ID_636	17	0.00	-0.42	0.62	0.40	0.70	-2.17	-0.62
CAVIN1	ID_637	41	0.00	0.59	1.24	1.61	0.18	-0.95	-0.11
MAP3K11	ID_638	21	0.00	-0.35	-0.82	-0.92	-0.92	-1.40	-0.36
AKT2	ID_639	25	0.00	0.27	0.03	0.39	-0.32	0.33	0.69
DNAJA3	ID_640	39	0.00	0.39	0.19	0.77	0.57	1.33	1.40
HMOX2	ID_641	39	0.00	-0.26	0.01	-0.08	0.29	0.48	0.31
CDIP1	ID_642	39	0.00	0.24	0.48	0.55	0.56	1.35	1.36
MAP3K20	ID_643	10	0.00	-0.28	-0.29	-0.28	-1.93	-1.63	-1.44
CWC15	ID_644	10	0.00	0.13	-0.43	-0.55	-0.60	-0.61	-0.69
COL5A3	ID_645	28	0.00	-0.75	-1.19	1.82	-0.11		0.38
DNMT1	ID_646	10	0.00	-0.05	-0.06	-0.22	-1.08	-2.34	-1.62
PPAN	ID_647	10	0.00	-0.61	-0.65	-0.46	-0.36	-1.58	-1.45
ANGPTL2	ID_648	10	0.00	-0.14	-1.10	-0.27	-0.84	-2.96	-2.67
CACNA1B	ID_649	49	0.00	2.34	4.27	3.99	3.56	3.22	3.74
TRMT10A	ID_650	10	0.00	-0.95	-1.20	-1.39	-1.80	-2.02	-2.31
ETV1	ID_651	39	0.00	1.40	1.78	1.70	1.54	3.30	3.90
KIFC2	ID_652	39	0.00	2.23	4.67	4.93	5.79	7.68	7.78
PSAP	ID_653	39	0.00	0.65	1.60	1.74	2.47	3.12	3.58
IKBKG	ID_654	45	0.00	1.12	0.48	1.09	0.18	0.54	1.05
WARS2	ID_656	10	0.00	0.35	-0.32	0.12	-0.53	-1.07	-1.26
ATN1	ID_657	49	0.00	0.86	1.85	1.23	0.74	0.12	1.45
PHB2	ID_658	16	0.00	-0.22	-0.39	-0.32	0.09	-0.74	-1.55
PTPN6	ID_659	19	0.00	-0.75	-0.19	0.08	0.37	-0.17	0.64
ENO2	ID_660	39	0.00	2.70	5.03	5.10	6.15	8.19	8.20
EMG1	ID_661	10	0.00	-0.60	-1.29	-1.30	-1.69	-2.35	-2.09
LPCAT3	ID_662	16	0.00	0.03	0.40	0.50	0.94	0.31	-0.31
ATP6V1F	ID_663	39	0.00	0.47	0.47	0.69	0.96	1.60	0.94
CLCN5	ID_665	10	0.00	-0.72	-0.60	-0.71	-1.21	-2.51	-2.06
CLCN3	ID_666	49	0.00	0.72	1.27	1.24	1.05	0.84	2.16
HIF3A	ID_667	17	0.00	0.60	1.54	1.47	0.32	-1.91	0.45
PDE1C	ID_669	26	0.00	-0.84	0.21	0.40	0.93	-1.00	0.29
UTP20	ID_670	10	0.00	-1.05	-0.85	-1.41	-2.39	-2.26	-2.01
SPIC	ID_671	28	0.00	-0.16	0.40		0.47	1.41	0.97
CUL3	ID_673	44	0.00	0.25	0.43	0.36	-0.16	-0.61	-0.02
SST	ID_674	39	0.00	3.34	4.66	4.46	4.71	5.88	5.80
LARGE1	ID_676	39	0.00	0.84	2.00	2.09	1.65	2.28	2.93
TMED4	ID_678	22	0.00	0.20	-0.06	0.07	-0.02	0.45	0.24
COL26A1	ID_679	16	0.00	-0.95	-0.43	-0.53	-0.15	-3.08	-3.89
BID	ID_680	41	0.00	-0.23	1.30	1.59	1.70	0.51	0.51
RALB	ID_681	10	0.00	-0.26	-0.39	-0.11	-0.21	-1.36	-1.20
PPP1CC	ID_682	20	0.00	-0.06	-0.82	-0.38	-0.41	-0.64	-0.98
TBCCD1	ID_684	5	0.00	-0.75	-0.06	-0.64	-1.18	-1.05	-0.38
CLEC11A	ID_685	35	0.00	0.95	0.14	2.14	1.98	2.41	1.84
ZFP324	ID_686	41	0.00	0.76	1.20	1.24	1.31	0.16	-0.11
GAB2	ID_687	41	0.00	0.96	2.38	2.04	1.60	0.13	0.05
CORO1C	ID_688	44	0.00	0.62	0.63	0.63	0.23	-1.53	-1.05
TAX1BP1	ID_689	27	0.00	0.14	0.01	0.01	-0.44	-0.25	0.13
CTSE	ID_691	5	0.00	-2.75	1.40	-1.18	-3.11	-3.17	-¡Þ
NDRG2	ID_692	39	0.00	2.08	4.05	4.32	5.11	6.18	6.44
METTL17	ID_693	44	0.00	0.20	0.38	0.35	0.49	-0.70	-0.44
ARHGEF40	ID_694	10	0.00	-0.06	0.25	-0.15	-0.29	-2.11	-2.10
PNPLA6	ID_695	49	0.00	0.70	1.64	1.25	1.55	0.98	1.61
MCOLN1	ID_696	39	0.00	0.36	1.19	1.16	1.01	1.38	1.78
ARHGEF18	ID_697	49	0.00	0.57	1.13	1.15	0.79	0.51	1.54
PKN2	ID_698	10	0.00	-0.55	-0.85	-1.11	-1.78	-2.46	-1.90
CD33	ID_699	18	0.00	-0.16	1.98	0.40	2.47	2.73	0.97
ETFB	ID_700	10	0.00	-0.54	-0.94	-0.90	-1.00	-0.98	-1.32
STXBP2	ID_702	12	0.00	-0.63	-1.19	-0.68	-1.11	-1.24	-0.56
SGCE	ID_704	31	0.00	0.17	0.07	0.07	-0.55	-0.18	-0.54
CHN2	ID_705	49	0.00	2.14	2.72	2.40	2.82	3.20	3.16
WWOX	ID_706	7	0.00	-0.86	-0.13	-0.13	-0.90	-0.97	-1.15
SLBP	ID_707	10	0.00	-0.86	-1.51	-1.64	-2.12	-2.42	-2.46
AQP1	ID_709	41	0.00	1.01	3.15	3.38	2.90	1.66	-0.03
ARID3B	ID_710	10	0.00	-1.08	-1.21	-1.92	-3.31	-2.91	-2.12
CNN2	ID_711	10	0.00	-2.13	-2.95	-2.90	-3.75	-4.36	-6.49
POLR2E	ID_712	2	0.00	-0.64	-0.78	-0.70	-0.38	-0.48	-0.54
MYO9B	ID_714	17	0.00	0.03	0.65	0.56	-0.37	-2.09	0.31
HDAC9	ID_715	39	0.00	0.20	0.40	0.57	0.69	1.81	2.23
ADGRE1	ID_717	49	0.00	2.09	2.10	2.10	2.06	2.11	1.77
MTFP1	ID_718	39	0.00	0.16	1.06	1.34	1.93	5.39	4.78
RAB23	ID_719	41	0.00	0.02	0.36	0.54	0.30	-0.31	-0.39
RAB11A	ID_720	41	0.00	0.45	0.61	0.77	0.83	0.30	0.12
PGF	ID_723	41	0.00	0.92	0.93	1.69	1.47	0.94	0.38
ULK2	ID_724	49	0.00	0.81	1.92	1.97	1.79	0.98	1.33
CCL24	ID_725	44	0.00	1.06	0.81	0.82		0.41	0.38
DGKQ	ID_726	49	0.00	0.84	1.79	1.70	1.33	1.26	1.69
GRAP	ID_727	16	0.00	-0.26	0.95	0.58	0.74	0.50	-0.62
CHMP2B	ID_728	18	0.00	-0.08	1.30	1.22	1.60	1.16	0.65
PLOD3	ID_729	16	0.00	-0.22	0.24	0.29	0.40	-0.63	-0.59
AP1S1	ID_730	39	0.00	0.26	0.37	0.47	1.11	1.52	1.21
MAPK13	ID_731	13	0.00	-1.97	-2.41	-2.40	-1.33	-1.40	-0.84
SRPK1	ID_732	27	0.00	0.02	0.14	-0.09	-0.64	-1.29	0.01
LBR	ID_734	10	0.00	-0.82	-2.36	-2.01	-3.54	-3.70	-3.25
CRABP2	ID_735	10	0.00	-1.95	-3.71	-4.47	-4.50	-6.54	-7.68
NES	ID_736	10	0.00	-0.10	-1.33	-2.07	-3.69	-6.98	-6.43
BCAN	ID_737	39	0.00	3.16	7.26	7.75	8.84	8.90	9.46
PRCC	ID_739	44	0.00	0.33	0.43	0.30	0.42	-0.44	-0.14
METTL25B	ID_740	49	0.00	0.25	0.98	0.84	0.82	0.04	0.97
HDGF	ID_741	10	0.00	-0.06	-0.45	-0.53	-0.54	-0.96	-0.87
THOP1	ID_743	0	0.00	-0.58	-1.00	-0.46	-0.46	-0.45	-1.03
APBA3	ID_744	41	0.00	0.01	0.35	0.57	0.73	-0.04	0.31
MATK	ID_745	39	0.00	2.42	5.15	6.53	7.60	9.19	9.39
PIAS4	ID_746	47	0.00	0.55	0.50	0.23	0.19	-0.19	-0.36
MAP2K1	ID_747	39	0.00	-0.38	-0.25	0.03	0.37	2.21	2.15
SGTA	ID_748	41	0.00	0.56	0.80	0.94	1.09	0.55	0.43
TMEM242	ID_750	2	0.00	-0.47	-0.53	-0.56	-0.10	0.09	-1.09
DTX2	ID_751	10	0.00	0.03	0.02	-0.08	-0.17	-1.29	-2.00
HSPB1	ID_753	11	0.00	-0.84	-0.88	-1.11	-0.94	-0.30	-0.50
RASA4	ID_754	41	0.00	2.36	2.65	3.16	3.56	1.58	1.29
SYT5	ID_755	49	0.00	2.95	4.26	4.65	5.44	5.37	5.15
HNRNPA2B1	ID_756	10	0.00	-0.20	-0.59	-0.87	-1.79	-2.67	-2.01
YJU2B	ID_758	25	0.00	-0.08	0.36	-0.04	-0.71	0.53	0.40
MRI1	ID_759	10	0.00	-0.54	-1.17	-1.22	-0.40	-1.33	-1.72
PRKACB	ID_760	39	0.00	0.90	1.97	2.22	2.26	2.63	2.72
SGSH	ID_761	47	0.00	0.25	1.14	0.14	0.21	0.41	-0.03
CHD5	ID_762	49	0.00	5.30	8.05	7.67	7.65	7.34	8.75
CSTB	ID_763	22	0.00	-0.17	-0.60	-0.21	-0.06	0.18	-0.42
SH2B2	ID_764	17	0.00	0.52	1.40	1.55	1.41	-1.46	-1.23
PEX5	ID_765	49	0.00	0.93	1.22	1.09	0.97	0.53	0.64
JKAMP	ID_766	40	0.00	0.36	0.78	0.61	0.48	0.78	0.58
CD44	ID_767	15	0.00	-0.45	-0.06	0.11	-0.40	0.12	-0.17
SLC1A2	ID_768	39	0.00	1.72	2.56	1.51	1.29	5.10	6.35
EIF2AK4	ID_769	12	0.00	-0.19	-0.19	-0.08	-0.73	-0.59	-0.48
WDR1	ID_770	19	0.00	-0.30	0.34	0.37	0.09	-0.43	0.71
CCN4	ID_772	14	0.00	-0.62	-0.74	0.40	-1.40	-2.05	-1.49
NDRG1	ID_773	39	0.00	-0.68	1.94	3.72	3.47	3.77	4.66
MAN2B1	ID_775	39	0.00	-0.03	0.88	0.02	0.37	1.09	1.32
KLF5	ID_776	19	0.00	-1.30	0.40	1.47	0.60	1.12	2.46
PRDX2	ID_778	10	0.00	0.22	-0.04	-0.22	-0.33	-1.23	-1.84
POLR2A	ID_779	10	0.00	-0.45	-0.13	-1.10	-1.88	-2.17	-1.28
SENP3	ID_781	26	0.00	-0.05	-0.21	-0.15	0.05	-0.74	-0.31
PLEKHA8	ID_783	10	0.00	-0.24	-0.25	-0.94	-1.76	-1.90	-1.42
SPC25	ID_784	10	0.00	-0.44	-2.92	-2.82	-3.87	-6.74	-5.86
RIPK4	ID_786	9	0.00	-2.97	-0.82	0.60	-2.33	-0.81	-1.84
ZFP287	ID_788	41	0.00	0.54	1.21	0.86	0.70	0.47	0.08
LETM1	ID_790	18	0.00	0.02	0.57	0.59	0.73	0.75	0.49
UBQLN1	ID_791	49	0.00	0.31	0.64	0.70	0.44	0.31	0.71
FGFR4	ID_792	41	0.00	1.42	2.72	2.72	1.47		0.97
CADM3	ID_793	49	0.00	2.57	4.69	4.00	4.58	4.31	4.75
TXN2	ID_795	22	0.00	-0.08	-0.21	-0.07	-0.02	0.53	0.19
SLC1A6	ID_797	41	0.00	0.67	3.21	3.25	4.11	2.24	0.80
SLC1A3	ID_798	39	0.00	1.67	3.10	3.23	3.64	3.84	4.34
CRBN	ID_799	39	0.00	0.66	0.30	0.53	0.70	1.32	1.36
MSH6	ID_800	10	0.00	-0.53	-1.36	-1.38	-2.25	-3.35	-3.11
FBXO11	ID_801	27	0.00	0.86	1.02	0.83	0.17	-0.03	0.82
MLXIPL	ID_802	25	0.00	0.84	-0.60	-0.60		1.00	1.55
BUD23	ID_804	10	0.00	-0.47	-0.92	-0.95	-0.75	-0.87	-1.11
NID1	ID_805	17	0.00	-0.56	0.64	-0.02	-0.63	-4.52	-4.23
MCM5	ID_806	10	0.00	-1.06	-2.77	-2.82	-3.14	-5.06	-4.38
HMOX1	ID_807	10	0.00	-0.93	-0.77	-0.99	-0.86	-2.98	-2.01
MPRIP	ID_808	44	0.00	0.54	0.66	0.79	0.31	-0.31	0.47
CIC	ID_809	49	0.00	0.56	1.30	0.85	1.03	0.17	1.03
PAFAH1B3	ID_810	44	0.00	1.21	1.34	1.42	1.43	-2.76	-3.41
IL27RA	ID_811	36	0.00	0.84	0.40	1.99	1.47	0.41	0.97
PRKACA	ID_812	49	0.00	0.42	1.22	0.72	0.66	0.67	1.03
ASF1B	ID_813	10	0.00	-0.91	-2.97	-2.84	-3.96	-5.48	-6.92
DDX39A	ID_815	10	0.00	-0.75	-1.50	-1.72	-1.66	-3.15	-2.94
DNAJB1	ID_816	5	0.00	-0.67	-0.33	-0.46	-1.07	-0.43	-0.63
USP40	ID_818	3	0.00	-0.22	-0.77	-0.49	-1.70	-5.34	-0.79
KBTBD4	ID_820	16	0.00	-0.10	0.17	-0.11	0.02	-0.25	-0.69
CELF1	ID_821	12	0.00	0.07	-0.18	-0.30	-1.15	-1.49	-0.40
NDUFS3	ID_822	39	0.00	0.06	0.21	0.36	0.66	1.04	0.59
POR	ID_823	49	0.00	0.67	0.95	0.60	0.94	0.29	0.92
IGF1R	ID_824	17	0.00	0.28	1.02	0.15	-0.90	-1.48	-0.02
INSR	ID_825	38	0.00	1.28	2.08	1.18	-0.00	-0.65	1.45
ATP4A	ID_828	16	0.00	-0.16	0.81	1.14	1.89	-0.17	-¡Þ
TRIM28	ID_829	10	0.00	-0.17	-0.55	-0.68	-1.05	-2.61	-2.17
ADCY9	ID_831	39	0.00	2.50	3.57	4.14	4.02	5.04	6.38
MEF2C	ID_832	39	0.00	0.81	1.14	3.42	2.96	4.95	5.70
CTR9	ID_833	44	0.00	0.43	0.62	0.57	0.30	-0.72	-0.47
EIF4G2	ID_834	10	0.00	0.16	0.05	-0.12	-0.47	-1.68	-1.49
IRAG1	ID_835	6	0.00	-1.75	-0.19	-1.18	-0.11	0.83	-0.62
PCYT1A	ID_836	17	0.00	-0.04	0.56	0.26	0.11	-0.86	-0.34
ZFP592	ID_837	27	0.00	0.29	0.78	0.64	0.13	-0.17	0.73
PSMD4	ID_838	34	0.00	-0.10	-0.34	-0.16	-0.21	-0.21	-0.65
TMOD4	ID_839	38	0.00	1.84	2.40	0.40	0.47		0.97
SNX6	ID_841	10	0.00	-0.21	-0.73	-0.73	-1.09	-1.66	-1.95
MTHFD2	ID_842	10	0.00	-1.08	-0.84	-0.80	-0.93	-2.73	-3.18
KIT	ID_843	49	0.00	0.66	2.14	1.80	1.44	0.38	0.97
TOMM40L	ID_844	39	0.00	0.60	0.47	1.03	0.91	2.00	1.76
APOA2	ID_846	37	0.00	-0.90	0.08	2.17	3.74	0.67	2.23
PAN2	ID_847	10	0.00	0.02	-0.66	-0.71	-1.04	-2.15	-1.30
CS	ID_848	19	0.00	0.07	0.44	0.42	0.34	-0.23	0.46
AMPD3	ID_849	39	0.00	0.84	2.40	3.08	3.28	2.95	3.10
BCAS2	ID_850	10	0.00	-0.06	0.04	-0.18	-0.18	-0.71	-0.89
CTCF	ID_852	10	0.00	0.03	-0.26	-0.47	-1.03	-1.95	-0.92
PARD6A	ID_853	48	0.00	1.05	1.43	1.71	2.15	2.66	1.34
TFAP4	ID_856	10	0.00	-0.38	-0.82	-0.78	-2.48	-3.13	-1.87
RANBP1	ID_857	10	0.00	-0.59	-1.37	-1.69	-1.83	-2.74	-2.59
CD247	ID_858	1	0.00	-1.16	-1.60	-0.01		-0.59	-1.03
PSMB4	ID_860	34	0.00	0.12	-0.23	0.07	0.29	0.05	-0.72
SLC30A4	ID_862	39	0.00	0.26	0.44	0.79	0.94	1.40	1.62
SQOR	ID_863	22	0.00	0.34	-0.37	-0.69	-0.15	1.02	0.69
BLOC1S6	ID_864	16	0.00	0.18	0.39	0.34	0.54	-0.31	-0.71
METAP1	ID_865	17	0.00	-0.30	-0.08	0.09	0.05	-0.49	-0.24
GPR108	ID_866	23	0.00	-0.16	-0.26	0.29	0.13	0.64	1.22
RSL1D1	ID_869	10	0.00	-0.44	-0.88	-1.12	-1.25	-2.20	-1.84
APC	ID_870	49	0.00	0.45	0.87	0.77	0.39	0.08	0.84
REEP5	ID_871	39	0.00	0.64	2.14	2.54	2.86	2.71	2.69
ERGIC3	ID_872	18	0.00	0.49	0.93	1.22	1.45	1.07	0.40
UQCC1	ID_873	35	0.00	0.32	-0.37	0.40	0.32	0.86	0.94
SPO11	ID_874	37	0.00	-0.16		0.40	1.47	0.41	0.97
NCOA2	ID_875	27	0.00	0.19	0.71	0.47	-0.32	-0.13	0.74
TRH	ID_876	16	0.00	-2.73	-2.05	-2.94	-0.55	-1.83	-5.18
NR2C2	ID_877	38	0.00	0.82	1.12	0.85	0.24	-0.11	0.85
NR2C1	ID_878	27	0.00	0.17	0.63	-0.08	-0.95	-1.72	0.36
SMPD4	ID_879	27	0.00	-0.06	0.07	-0.10	-0.51	-1.58	0.05
PEX1	ID_880	49	0.00	0.80	1.78	1.36	0.95	1.15	1.55
OTX1	ID_881	10	0.00	0.31	-0.89	-1.56	-3.00	-4.17	-3.20
KCTD20	ID_882	44	0.00	0.38	0.28	0.29	0.01	-0.53	-0.22
CTNS	ID_884	27	0.00	0.42	0.53	0.45	-0.72	-1.13	1.01
SHPK	ID_886	39	0.00	0.25	1.98	1.40	1.89	2.15	2.38
EPHB3	ID_887	43	0.00	0.42	0.74	-0.39	-0.53	-0.38	0.47
TUFT1	ID_888	19	0.00	-0.75	0.40	0.74	0.96	-0.50	0.06
RCN1	ID_889	10	0.00	-0.59	-1.27	-0.93	-1.44	-2.14	-3.37
TRAP1	ID_891	11	0.00	-0.47	-1.08	-0.91	-0.54	-0.14	-0.37
NAA60	ID_892	39	0.00	0.81	1.38	1.29	1.35	1.88	1.63
1700037C18RIK	ID_893	49	0.00	1.42	2.04	2.49	2.52	2.27	1.77
ANKRD13D	ID_894	39	0.00	0.30	2.72	2.70	3.40	3.34	3.16
TPR	ID_895	10	0.00	-0.14	-0.12	-0.42	-0.98	-1.75	-0.90
ODR4	ID_896	39	0.00	0.49	0.46	0.50	0.69	0.86	1.00
DHX34	ID_898	16	0.00	0.13	0.30	0.09	0.10	-0.96	-1.18
KPTN	ID_899	48	0.00	0.55	0.89	1.23	1.41	1.36	0.75
NAPA	ID_900	39	0.00	0.39	0.84	0.93	1.18	2.16	2.45
ATP5MC1	ID_903	18	0.00	-0.36	0.44	0.51	0.75	1.27	0.56
SNF8	ID_904	39	0.00	0.15	0.47	0.48	0.42	0.63	0.67
TBCB	ID_905	16	0.00	0.44	0.75	0.93	1.30	0.56	-0.38
INPP5K	ID_906	49	0.00	0.75	1.35	1.65	1.52	0.93	1.57
CRKL	ID_907	44	0.00	0.66	0.30	0.13	-0.37	-1.35	-0.99
UPK3BL	ID_908	20	0.00	-0.75	-2.19	-2.18	-2.11	-2.17	-1.62
EPS8L1	ID_909	39	0.00	-0.16	1.40	1.40	2.47	2.00	1.97
CLINT1	ID_910	10	0.00	-0.10	-0.42	-0.29	-0.57	-0.88	-0.45
CDKAL1	ID_912	12	0.00	0.29	-0.48	-0.07	-0.61	-1.03	-0.12
HTRA1	ID_915	39	0.00	3.48	4.61	5.79	6.03	8.56	8.35
ZBTB17	ID_916	10	0.00	0.34	0.00	-0.15	-0.29	-0.44	-0.45
FAM131C	ID_918	41	0.00	2.58	6.08	6.02	6.72	3.00	2.70
FBLIM1	ID_919	17	0.00	-0.47	1.06	0.44	0.19	-5.87	-¡Þ
EPOR	ID_921	9	0.00	-4.25	-1.52	-2.10	-2.29	-0.28	0.78
CCDC159	ID_922	40	0.00	1.42		1.40	0.47	3.00	3.29
MOB1B	ID_923	27	0.00	0.19	0.24	-0.08	-0.95	-1.32	0.23
VAX1	ID_925	44	0.00	2.57	2.10	0.72	0.80	-2.59	-1.03
ATP6V1B2	ID_926	39	0.00	0.14	0.80	0.84	1.03	2.30	2.55
EPS15L1	ID_927	17	0.00	0.06	0.43	0.06	0.06	-0.93	-0.55
TEP1	ID_928	10	0.00	-0.52	-0.07	-1.18	-2.70	-1.17	-2.20
TTC5	ID_929	44	0.00	0.72	0.38	0.29	0.21	-0.65	-0.85
OSGEP	ID_930	10	0.00	-0.34	-0.53	-0.58	-0.58	-0.84	-0.77
TMBIM1	ID_932	39	0.00	-0.37	0.03	0.53	0.60	2.73	2.81
KMT2B	ID_934	17	0.00	0.09	0.49	0.02	0.00	-1.53	-0.34
UPK1A	ID_937	41	0.00	-0.16	0.40	2.40	1.47	0.41	-¡Þ
TMEM147	ID_938	18	0.00	0.20	0.60	0.66	1.06	1.05	0.65
RPS9	ID_939	10	0.00	-0.11	-0.55	-0.45	-0.67	-1.66	-2.34
TFPT	ID_940	19	0.00	0.13	0.47	0.60	0.37	0.13	0.92
SUSD2	ID_941	19	0.00	-0.58	-0.02	1.21	1.80	-0.00	1.97
GGT5	ID_942	49	0.00	2.16	3.86	2.40	3.47	2.00	2.55
GGT1	ID_943	9	0.00	-2.48	-0.12	-0.92	-1.26	-0.59	-0.36
CRIP2	ID_944	49	0.00	0.83	1.38	1.48	1.61	1.07	0.84
CRIP1	ID_945	0	0.00	-0.73	-1.28	-0.83	-1.59	-1.00	-1.53
CBFA2T3	ID_946	49	0.00	3.71	4.95	3.60	2.89	2.53	3.81
FBLN1	ID_947	10	0.00	-0.96	-1.26	-1.13	-1.70	-3.69	-2.67
PGRMC1	ID_948	41	0.00	0.64	0.95	0.98	1.29	0.71	0.24
GCAT	ID_949	20	0.00	-1.01	-2.66	-1.68	-1.82	-1.22	-1.68
TEK	ID_950	17	0.00	-0.24	0.62	0.05	0.02	-0.48	-0.44
ELOVL1	ID_952	6	0.00	-0.71	-0.34	-0.40	-0.66	0.85	0.21
MED8	ID_953	10	0.00	-0.18	-0.50	-0.61	-1.16	-1.76	-1.31
HYI	ID_954	18	0.00	0.04	1.27	1.42	2.29	1.41	0.46
CDC20	ID_955	10	0.00	-0.50	-2.21	-2.54	-2.78	-8.58	-7.02
ADAMTS4	ID_956	22	0.00	-0.48	-0.60	-0.33	-0.26	2.09	0.97
NECTIN4	ID_957	39	0.00	-0.16	1.98	1.14	0.89	2.15	2.19
PFDN2	ID_958	38	0.00	0.15	0.35	0.10	-0.06	-0.25	0.13
RNF114	ID_959	47	0.00	0.44	0.37	0.09	-0.03	0.18	-0.09
STEEP1	ID_960	25	0.00	-0.10	-0.50	-0.36	-0.69	-0.03	0.58
NEURL1A	ID_961	39	0.00	1.24	2.50	2.48	2.96	4.15	4.97
SRM	ID_962	16	0.00	-0.24	-0.08	0.27	0.26	-0.17	-0.52
EPHA2	ID_963	10	0.00	-0.16	-0.68	-0.52	-2.19	-3.84	-1.28
RBM14	ID_964	10	0.00	-0.28	-0.52	-0.83	-1.37	-2.36	-1.65
ACTN3	ID_965	2	0.00	-1.50	-0.60	-1.65	-0.99	-0.13	-1.19
ZDHHC24	ID_967	39	0.00	0.17	0.77	0.97	0.43	0.81	1.37
NDOR1	ID_969	10	0.00	-0.19	-0.06	-0.57	-0.61	-0.91	-0.65
NSMF	ID_970	39	0.00	1.26	1.64	2.12	2.91	4.34	4.53
PDK1	ID_971	23	0.00	-0.48	-0.53	0.08	-0.25	-0.06	0.95
PTBP1	ID_972	10	0.00	-0.88	-1.74	-1.78	-2.75	-4.04	-3.72
MVD	ID_973	16	0.00	-0.12	0.54	0.72	1.01	0.19	-0.80
CYBA	ID_974	2	0.00	-0.62	-0.66	-0.71	-0.47	-0.61	-1.29
STIMATE	ID_976	40	0.00	-0.16	0.59	0.55	-0.05	0.10	0.38
SFMBT1	ID_977	27	0.00	0.15	0.12	-0.33	-1.11	-1.27	-0.00
ATP7B	ID_980	47	0.00	0.30	0.72	1.10	0.06		-2.03
SLC4A1	ID_982	10	0.00	-2.52	-1.30	-4.06	-4.31	-5.06	-¡Þ
RUNDC3A	ID_983	39	0.00	2.39	2.85	2.94	3.13	3.80	3.85
SLC4A3	ID_984	49	0.00	1.22	2.73	2.84	3.01	3.04	3.31
CDT1	ID_985	10	0.00	-0.68	-2.05	-2.34	-3.14	-5.29	-4.15
RUNX1T1	ID_986	41	0.00	1.87	3.50	2.68	1.29	-0.23	0.27
APRT	ID_988	10	0.00	-0.66	-1.11	-0.74	-0.51	-1.27	-1.47
HFE	ID_990	19	0.00	-0.65	0.76	1.50	0.84	1.19	0.97
ABHD1	ID_991	46	0.00	2.16	2.98	0.40	3.28	3.87	3.97
SLC5A6	ID_992	49	0.00	0.47	1.53	1.31	1.88	0.46	1.30
APLP1	ID_995	39	0.00	2.61	3.58	3.77	4.08	4.65	4.73
QRICH1	ID_996	44	0.00	0.23	-0.02	0.00	-0.49	-1.07	-0.36
P4HTM	ID_997	39	0.00	1.81	2.43	2.60	3.44	4.81	4.72
USP19	ID_998	27	0.00	0.09	0.32	0.44	-0.22	-0.20	0.46
POLA1	ID_999	10	0.00	-0.43	-2.22	-2.46	-3.34	-4.63	-4.66
CDC42	ID_1000	16	0.00	-0.02	0.26	0.44	0.55	-0.08	-0.31
PKNOX1	ID_1001	44	0.00	0.74	0.77	0.73	0.01	-1.20	-0.64
D130043K22RIK	ID_1002	39	0.00	1.06	2.62	2.90	3.06	4.41	4.94
GMNN	ID_1003	10	0.00	-1.05	-3.51	-3.29	-4.22	-4.57	-5.19
ACOT13	ID_1004	25	0.00	-0.39	-0.69	-0.24	-0.20	1.39	1.28
ZFP184	ID_1005	10	0.00	0.71	-0.31	-0.12	-1.82	-3.47	-2.60
CDK4	ID_1007	10	0.00	-0.37	-1.64	-1.53	-2.11	-4.22	-4.42
B4GALNT1	ID_1008	49	0.00	3.40	5.61	5.48	5.75	5.72	6.24
METTL1	ID_1009	2	0.00	-0.47	-1.12	-0.84	-0.69	-0.68	-1.24
TSPAN31	ID_1010	12	0.00	-0.21	-0.38	-0.67	-0.92	-0.68	-0.24
KIF5B	ID_1011	30	0.00	0.19	0.08	0.07	-0.35	-0.07	0.96
SAAL1	ID_1012	10	0.00	-0.52	-1.57	-1.17	-1.50	-2.07	-2.47
CNP	ID_1015	39	0.00	0.58	1.74	1.83	2.98	6.45	5.85
ODAD4	ID_1016	8	0.00	-1.16	-0.28	-0.28	0.28	-0.59	0.29
SULF2	ID_1017	17	0.00	-0.44	0.72	0.11	0.17	-0.43	-0.02
SOD2	ID_1018	39	0.00	0.26	0.56	0.61	0.74	1.13	1.31
TMCO6	ID_1019	20	0.00	0.32	-0.54	-0.26	-0.35	-0.25	0.09
STAMBP	ID_1020	49	0.00	1.07	2.11	1.84	2.16	1.45	1.37
EZH1	ID_1021	39	0.00	1.22	2.32	2.25	2.19	2.60	3.29
HAP1	ID_1022	41	0.00	1.58	3.09	3.14	4.22	1.60	1.16
P3H4	ID_1023	0	0.00	-0.29	-0.54	-0.01	-0.14	-0.18	-0.51
CTNNB1	ID_1024	10	0.00	0.23	-0.49	-0.32	-0.65	-1.04	-1.39
EIF1B	ID_1025	41	0.00	0.62	0.47	0.93	0.72	0.59	0.25
CHRD	ID_1026	39	0.00	0.92	2.09	2.09	1.21	2.45	3.97
PSMD2	ID_1027	10	0.00	-0.19	-0.18	-0.13	-0.51	-0.70	-0.55
SYNGR3	ID_1028	49	0.00	4.21	5.89	6.26	7.16	7.31	6.77
VARS1	ID_1029	10	0.00	-0.61	-1.02	-1.11	-1.70	-2.72	-1.91
HSPA1L	ID_1031	39	0.00	-0.16	1.40		2.47	1.41	1.97
MSH5	ID_1033	12	0.00	-0.69	-1.30	-0.98	-2.23	-1.70	-1.74
ABHD16A	ID_1034	39	0.00	0.49	0.97	1.39	1.47	2.19	1.86
NEU1	ID_1035	39	0.00	0.76	1.61	1.40	2.13	2.70	2.50
DDAH2	ID_1036	10	0.00	0.55	-0.12	0.17	0.05	-2.88	-4.06
CLIC1	ID_1037	10	0.00	-0.52	-1.33	-1.19	-1.59	-2.65	-3.84
LSM2	ID_1038	10	0.00	-0.39	-1.13	-1.28	-1.39	-2.72	-3.44
POLE	ID_1039	10	0.00	-1.24	-1.90	-2.57	-2.67	-5.06	-3.28
ATP1A2	ID_1040	39	0.00	2.04	4.56	4.88	5.35	6.46	7.35
CASQ1	ID_1042	44	0.00	0.58	0.23	1.04	-0.70	-1.76	-0.20
STX1A	ID_1043	39	0.00	1.81	3.94	3.54	4.71	5.90	5.76
ZFP775	ID_1044	44	0.00	1.07	1.08	1.31	0.34	0.06	0.25
SCUBE2	ID_1045	17	0.00	-0.48	0.40	-0.33	-0.26	-0.91	-0.36
MRPL49	ID_1046	10	0.00	-0.33	-0.45	-0.57	-0.72	-0.54	-1.16
MARK3	ID_1048	44	0.00	0.47	0.55	0.74	0.57	-0.46	-0.28
M6PR	ID_1050	11	0.00	-0.34	-0.71	-0.74	-0.65	0.27	0.06
LRRC8A	ID_1051	27	0.00	0.75	1.12	0.75	-0.13	-0.55	0.62
PPP2R1A	ID_1053	49	0.00	0.51	1.19	1.10	1.23	1.18	1.24
FANCE	ID_1054	1	0.00	-0.02	-0.42	-0.01	0.37	-0.21	-0.51
TINF2	ID_1055	10	0.00	-0.67	-1.44	-1.47	-1.50	-1.53	-2.23
HAPLN4	ID_1057	39	0.00		0.98	0.99	2.47	6.19	7.44
DUS3L	ID_1058	49	0.00	0.39	0.95	1.28	1.11	0.60	1.17
GTPBP3	ID_1059	1	0.00	-1.06	-1.01	-0.58	-0.40	-0.10	-0.99
TGFBR1	ID_1060	10	0.00	-0.30	-1.02	-1.28	-2.31	-3.47	-2.92
HOMER1	ID_1061	39	0.00	0.36	0.30	0.81	0.34	2.49	3.01
RAD51C	ID_1062	10	0.00	-0.28	-0.89	-1.63	-2.14	-1.74	-3.06
GABRB2	ID_1063	39	0.00	1.56	3.03	2.43	2.71	4.06	4.87
CAV1	ID_1064	41	0.00	0.94	1.60	2.03	1.27	0.72	0.34
ARPP19	ID_1065	25	0.00	-0.66	-1.24	-1.31	-1.41	1.02	0.76
BCL2L1	ID_1066	49	0.00	1.22	1.26	1.31	1.21	1.24	1.46
KHSRP	ID_1067	10	0.00	-0.01	-0.11	-0.44	-1.52	-2.22	-0.67
DIO2	ID_1068	39	0.00		-1.92	0.40	1.47	4.93	4.45
CCT4	ID_1070	10	0.00	-0.40	-0.84	-0.83	-1.24	-2.15	-2.17
TRAPPC2B	ID_1071	34	0.00	0.34	-0.21	0.06	-0.03	0.26	-0.45
CPT1C	ID_1072	39	0.00	1.05	1.92	1.99	2.28	3.24	3.97
TWIST2	ID_1073	20	0.00	-0.44	-3.51	-3.50	-2.43	-3.08	-3.53
ZFP655	ID_1074	43	0.00	0.89	0.27	0.34	-0.45	0.60	0.51
RHOA	ID_1075	21	0.00	-0.21	-0.16	-0.39	-0.32	-0.67	-0.34
ZMIZ1	ID_1076	44	0.00	0.90	1.73	0.70	0.31	-0.88	0.35
ANKRD26	ID_1077	44	0.00	0.19	-0.15	0.30	-0.74	-1.24	-0.49
ALDH16A1	ID_1078	10	0.00	-0.07	-0.63	-0.66	-0.94	-1.37	-1.62
PRRG2	ID_1079	34	0.00	0.12	-0.29	-0.18	0.25	0.27	-0.97
HNRNPH1	ID_1080	10	0.00	-0.15	-0.58	-0.63	-1.34	-2.74	-1.85
IFT43	ID_1081	10	0.00	0.13	-1.03	-0.53	-1.23	-0.85	-1.23
ID3	ID_1082	2	0.00	-1.50	-1.80	-1.96	-1.38	-2.00	-2.37
ARID1A	ID_1084	44	0.00	0.41	0.68	-0.05	-0.92	-1.95	-0.47
CRLF1	ID_1085	19	0.00	-4.33	0.40	1.14	2.03	1.00	1.60
CTSD	ID_1086	39	0.00	0.58	1.01	1.34	1.84	2.48	1.95
RPLP1	ID_1087	10	0.00	-0.54	-1.10	-0.83	-0.41	-0.94	-1.40
HMGCLL1	ID_1089	44	0.00	1.51	2.01	1.62	1.74	0.04	1.15
TTC9B	ID_1090	49	0.00	4.07	5.47	5.83	6.31	7.02	6.35
ABHD8	ID_1092	39	0.00	0.99	1.44	1.58	2.15	3.26	2.61
IFT22	ID_1093	22	0.00	0.10	-0.24	0.16	0.30	0.82	0.19
FZD3	ID_1094	10	0.00	-0.27	-1.44	-1.98	-3.03	-2.51	-3.54
1700008O03RIK	ID_1095	49	0.00	0.84	3.86	4.57	4.17	4.11	3.77
MID1IP1	ID_1096	49	0.00	1.39	1.80	2.18	2.36	2.55	2.26
AP2S1	ID_1097	18	0.00	0.33	0.90	0.81	1.13	1.31	0.80
FGFRL1	ID_1098	11	0.00	-0.33	-1.23	-0.87	-0.69	-0.48	0.11
BRME1	ID_1099	48	0.00	0.62	0.76	0.92	0.47	0.77	0.16
FHL2	ID_1100	39	0.00	-0.61	1.42	1.02	1.52	3.00	3.04
EMC10	ID_1101	39	0.00	0.43	0.77	0.94	1.53	1.57	1.48
CLSTN3	ID_1102	39	0.00	2.39	4.25	4.03	4.85	5.27	5.81
FBXW9	ID_1103	41	0.00	0.89	1.52	1.83	2.01	0.52	0.09
FNBP4	ID_1105	44	0.00	0.21	0.26	0.15	-0.31	-1.81	0.13
CERS4	ID_1106	49	0.00	1.02	1.85	2.08	2.43	1.86	2.52
SCRN3	ID_1107	25	0.00	-0.62	-0.92	-1.38	-1.85	0.76	0.58
PHAX	ID_1108	10	0.00	-0.11	0.04	-0.06	-0.09	-0.99	-1.14
TLE1	ID_1109	44	0.00	0.69	0.33	0.10	-0.13	-0.36	-0.20
RELT	ID_1111	39	0.00	-0.68	0.25	0.40	1.06	2.64	1.97
SNRPB2	ID_1112	10	0.00	-0.19	-1.20	-1.42	-1.61	-2.69	-2.51
UBC	ID_1113	49	0.00	0.55	1.39	1.11	0.62	0.56	0.63
PRPF31	ID_1114	10	0.00	-0.31	-0.76	-0.79	-0.96	-0.92	-1.07
SERTAD1	ID_1115	11	0.00	-0.89	-0.94	-2.00	-1.17	0.33	-0.24
CARHSP1	ID_1116	44	0.00	0.60	0.47	0.25	-0.12	-1.83	-1.16
ELK3	ID_1117	17	0.00	-0.71	-0.02	-0.46	-0.91	-1.80	-1.36
HERPUD2	ID_1118	39	0.00	0.51	0.72	0.72	0.46	0.72	1.22
RDH13	ID_1119	44	0.00	0.23	0.30	0.55	0.39	-0.92	-0.15
ADAM21	ID_1120	19	0.00	-0.16	0.40	1.40	0.47	0.41	-¡Þ
NUTF2	ID_1121	10	0.00	-0.40	-1.03	-1.17	-1.46	-2.31	-2.36
ARPC5	ID_1122	41	0.00	0.52	0.78	1.01	0.99	0.08	0.19
ELAVL2	ID_1124	44	0.00	1.55	1.71	1.39	0.85	-0.15	-0.04
MGST1	ID_1126	16	0.00	-0.38	-0.14	-0.73	0.30	-0.92	-1.08
NFIB	ID_1127	49	0.00	3.80	3.96	4.62	3.10	1.75	3.09
UBQLN4	ID_1129	30	0.00	0.32	0.59	0.44	-0.03	0.02	0.95
RBFOX1	ID_1130	49	0.00	5.57	8.10	7.79	7.76	8.19	8.94
RPS18	ID_1131	10	0.00	-0.36	-1.10	-1.07	-1.04	-2.14	-2.62
RPL10	ID_1132	10	0.00	-0.24	-0.81	-0.85	-1.31	-2.41	-2.11
RPS15A	ID_1133	10	0.00	-0.12	-1.22	-1.01	-0.91	-2.07	-2.98
NCAPH2	ID_1134	20	0.00	-0.05	-0.67	-0.38	-0.61	-0.62	-0.56
HIPK1	ID_1135	30	0.00	0.63	0.56	0.28	-0.32	-0.26	1.35
GPRC5B	ID_1136	25	0.00	0.54	0.44	0.02	0.12	2.31	2.35
MAN1A2	ID_1137	30	0.00	0.04	0.77	0.37	0.03	0.73	1.45
ACYP1	ID_1139	22	0.00	0.61	0.03	-0.04	0.16	0.97	0.06
HDAC5	ID_1142	49	0.00	1.25	1.50	1.64	1.33	1.74	2.03
RALA	ID_1143	41	0.00	0.62	0.98	1.22	1.05	-0.21	-0.36
VDAC3	ID_1144	16	0.00	-0.12	-0.14	0.06	0.19	-0.39	-0.75
VPS72	ID_1145	10	0.00	0.51	0.19	0.00	-0.38	-1.78	-1.91
GABPA	ID_1146	10	0.00	-0.28	-0.70	-0.71	-1.18	-2.34	-1.45
BMP7	ID_1147	10	0.00	-0.38	-0.29	-0.07	-1.09	-2.28	-1.48
DYNLL1	ID_1148	0	0.00	-0.21	-0.58	-0.43	-0.51	-0.03	-0.51
PDCL	ID_1149	10	0.00	0.48	-0.14	-0.09	-0.76	-1.48	-1.02
TMEM184B	ID_1150	25	0.00	-0.02	0.20	-0.00	-0.35	0.19	0.35
NF2	ID_1152	41	0.00	0.80	1.42	1.33	1.02	-0.03	0.50
CABP7	ID_1153	39	0.00	2.01	2.72	4.36	4.00	6.86	7.81
ZMAT5	ID_1154	22	0.00	-0.06	-0.43	-0.32	0.32	0.40	-0.47
EWSR1	ID_1155	10	0.00	0.23	-0.14	-0.18	-0.88	-1.68	-0.92
AP1B1	ID_1156	39	0.00	0.83	1.90	1.40	1.57	1.90	2.20
DERL3	ID_1157	25	0.00	-0.75	-0.19	-0.18	-1.11	2.29	2.19
TBX1	ID_1159	8	0.00	-3.16	-0.43	-0.43	-1.53	-2.59	-1.03
BCL2L13	ID_1161	10	0.00	-0.21	-0.53	-0.68	-0.72	-0.99	-0.83
LNPK	ID_1166	40	0.00	0.12	0.84	0.26	-0.13	0.60	1.01
RARRES2	ID_1172	39	0.00	2.71	3.27	3.34	4.25	5.38	4.47
PTTG1IP	ID_1173	18	0.00	0.08	0.48	0.36	0.60	0.43	0.29
TRPM2	ID_1174	39	0.00	2.16	3.57	1.99	2.47	4.80	5.92
MET	ID_1177	18	0.00	-1.90	1.25	1.25	1.61	2.18	0.23
SLC16A12	ID_1178	27	0.00	0.10	0.40	0.40	-0.53	-0.59	0.45
SYN2	ID_1179	39	0.00	2.93	5.57	5.85	6.25	8.02	8.28
ELK1	ID_1180	39	0.00	0.99	0.91	1.06	1.23	1.75	2.40
NAV1	ID_1181	49	0.00	1.00	2.93	2.36	1.86	0.58	2.03
TNPO1	ID_1182	10	0.00	-0.27	-0.67	-1.30	-2.19	-3.08	-2.27
RNMT	ID_1184	20	0.00	0.02	-0.97	-0.61	-0.79	-0.62	-0.98
KCNQ1	ID_1185	41	0.00	0.42	1.72	1.72	0.47	-0.59	-0.03
SRP14	ID_1186	34	0.00	0.32	-0.06	0.13	0.32	0.28	-0.27
6330409D20RIK	ID_1187	49	0.00	3.75	4.72	4.10	4.56	3.22	1.97
TOR2A	ID_1189	16	0.00	-0.32	-0.21	-0.31	-0.15	-0.55	-0.70
FPGS	ID_1190	17	0.00	-0.48	0.23	-0.05	0.27	-1.62	-0.83
MRTFB	ID_1191	25	0.00	-0.51	0.02	0.17	-0.19	2.01	3.44
CBX5	ID_1192	10	0.00	-0.06	-0.17	-0.87	-2.10	-2.89	-1.07
APOBEC3	ID_1193	0	0.00	-0.75	-1.19	-0.96	-1.70	-0.44	-2.20
SARDH	ID_1195	49	0.00	1.98	2.16	2.40	2.32	1.41	2.73
VAV2	ID_1196	44	0.00	0.78	0.81	0.69	0.08	-1.64	-1.95
PPP2CB	ID_1198	49	0.00	0.49	0.60	0.77	0.83	0.84	0.66
G0S2	ID_1199	39	0.00	0.50	0.90	1.07	1.84	2.50	1.97
DMAP1	ID_1200	16	0.00	-0.00	0.05	0.25	0.40	-0.23	-0.84
MCU	ID_1202	49	0.00	0.37	1.45	1.40	1.08	0.80	1.60
BCR	ID_1205	49	0.00	1.01	2.38	1.73	0.83	0.33	2.01
FXYD5	ID_1206	19	0.00	-0.43	0.27	1.48	0.70	0.57	0.64
KCND1	ID_1207	49	0.00	2.01	2.86	2.86	3.47	3.22	3.97
TFCP2	ID_1208	44	0.00	0.74	0.91	0.37	0.19	-0.99	0.17
POU6F1	ID_1210	49	0.00	2.73	3.21	3.09	2.56	2.27	3.38
UBP1	ID_1211	44	0.00	0.34	0.61	0.40	-0.22	-1.11	-0.06
NUAK2	ID_1212	10	0.00	0.08	-0.85	-1.54	-2.72		-3.34
CILK1	ID_1213	31	0.00	0.79	1.79	1.17	0.16	-0.35	-0.38
SDHB	ID_1214	18	0.00	-0.01	-0.11	0.06	0.56	0.64	-0.21
COX4I2	ID_1215	15	0.00	-0.25	1.04	0.31	0.17	1.36	-0.03
SNAP47	ID_1216	39	0.00	0.73	1.81	1.93	2.17	2.49	2.41
KDSR	ID_1218	30	0.00	0.23	1.00	0.30	0.66	0.64	1.43
VPS4B	ID_1219	12	0.00	-0.20	-0.69	-0.60	-1.22	-0.95	-0.70
RPS25	ID_1220	10	0.00	-0.36	-1.23	-0.92	-0.95	-1.83	-1.92
TAFAZZIN	ID_1222	30	0.00	0.02	0.14	-0.34	-0.76	-0.23	0.49
KIF19A	ID_1223	46	0.00		2.40	0.40	3.06	3.87	3.55
ALDH3A2	ID_1224	39	0.00	0.05	0.51	0.91	0.97	1.19	1.17
ZMYND10	ID_1225	49	0.00	2.84	3.21	3.10	3.93	2.41	2.97
TMEM115	ID_1226	49	0.00	0.68	1.07	0.83	1.40	0.88	0.82
HYAL2	ID_1227	10	0.00	0.06	-0.67	-0.51	-0.48	-2.25	-2.78
IFRD2	ID_1228	10	0.00	-0.78	-1.03	-1.34	-1.48	-2.02	-1.93
HYAL1	ID_1229	49	0.00	1.16	1.40	1.72	1.35	0.15	2.38
TUSC2	ID_1230	39	0.00	0.11	0.25	0.59	1.09	1.63	1.00
NPRL2	ID_1231	39	0.00	0.57	0.56	1.07	1.06	1.21	0.88
SLC38A3	ID_1232	39	0.00	0.87	2.20	2.09	3.14	3.32	3.22
CACNA2D2	ID_1233	49	0.00	1.90	3.45	2.60	3.00	1.32	1.24
RASSF1	ID_1234	17	0.00	-0.39	-0.02	-0.16	-0.24	-1.49	-0.98
EPN3	ID_1235	22	0.00	-1.16	-0.60	0.40	0.47	2.32	0.55
RNF112	ID_1236	39	0.00	3.54	5.42	5.65	6.34	7.65	8.65
SLC3A2	ID_1237	18	0.00	0.31	0.70	0.91	1.27	1.10	0.64
NXF1	ID_1238	34	0.00	0.36	0.14	0.32	0.34	0.07	-0.64
STX5A	ID_1239	37	0.00	0.45	0.40	0.27	0.79	0.24	0.14
CIMAP3	ID_1241	41	0.00	1.54	2.57	2.99	2.93	1.41	-0.03
TNFRSF13B	ID_1242	24	0.00	0.84	0.81	-0.18	1.21	-0.17	2.19
SPIRE2	ID_1243	49	0.00	2.46	2.72	2.50	3.36	2.18	1.58
PROX1	ID_1244	27	0.00	0.16	0.86	0.86	0.28	-1.00	0.97
RAVER1	ID_1245	10	0.00	-0.14	-0.42	-0.86	-1.57	-2.64	-1.22
BLTP2	ID_1246	30	0.00	-0.09	0.31	0.06	-0.32	0.31	1.01
AI597479	ID_1247	10	0.00	0.19	0.11	-0.06	-0.33	-0.95	-0.66
TMEM86A	ID_1248	48	0.00	1.53	2.46	2.38	2.90	3.14	2.00
OPTC	ID_1249	47	0.00	1.77	1.54	1.40	1.47	-0.33	-1.36
IFI35	ID_1251	22	0.00	0.42	-0.60	-0.01	1.28	1.87	0.55
RDM1	ID_1252	10	0.00	0.50	-1.15	-0.96	-1.49	-2.14	-1.49
NEDD8	ID_1253	34	0.00	-0.13	-0.47	-0.27	-0.17	-0.36	-0.92
GOSR1	ID_1254	40	0.00	0.69	0.97	1.03	0.33	0.44	0.94
MRPL52	ID_1255	16	0.00	-0.10	0.06	0.12	0.11	-0.81	-1.30
KANSL3	ID_1257	19	0.00	-0.05	0.26	0.62	0.21	-0.13	0.54
EYA4	ID_1258	21	0.00	-0.65	-1.41	-2.08	-1.53	-2.81	-1.03
EBF3	ID_1259	17	0.00	1.34	3.47	1.38	0.54	-3.71	-¡Þ
MYT1	ID_1261	44	0.00	2.23	1.55	0.85	-0.53	-1.99	-1.72
FAF1	ID_1262	44	0.00	0.12	-0.05	0.02	-0.16	-1.17	-0.73
TSACC	ID_1263	0	0.00	-0.68	-1.49	-0.87	-0.98	0.41	-1.55
METTL16	ID_1264	10	0.00	-0.13	-0.40	-0.60	-1.59	-1.53	-1.23
DAZL	ID_1265	23	0.00	-2.16	-1.60	-0.60	-0.53	0.73	2.97
PIGYL	ID_1267	39	0.00	0.38	0.19	0.76	1.14	1.32	0.61
RBM25	ID_1268	10	0.00	0.01	-0.09	-0.18	-0.53	-1.31	-0.82
PSEN2	ID_1269	39	0.00	1.22	2.21	2.03	2.80	2.90	2.69
ACAA1B	ID_1270	36	0.00	0.84	-1.19	1.62	2.35	-0.17	0.97
PLCD1	ID_1271	12	0.00	-0.03	-0.47	-0.16	-0.55	-0.92	-0.01
FADS1	ID_1272	30	0.00	0.23	0.61	0.47	0.17	-0.04	0.63
LMBR1	ID_1273	49	0.00	0.02	1.45	1.52	1.61	1.18	1.45
TNFRSF22	ID_1274	10	0.00	-0.45	-0.25	-1.06	-1.40	-3.05	-¡Þ
CARS1	ID_1275	17	0.00	-0.05	0.29	0.22	0.36	-0.69	-0.38
WNT2	ID_1278	39	0.00	-2.16		-0.60	1.06	2.58	3.36
GABRA1	ID_1279	39	0.00	2.90	4.21	4.28	4.32	7.99	8.35
KDELR3	ID_1280	34	0.00	-0.20	-1.23	-0.16	-0.81	-1.09	-3.12
APIP	ID_1282	43	0.00	0.08	-0.30	-0.26	-0.60	-0.16	-0.42
PDHX	ID_1283	18	0.00	0.18	0.85	0.86	1.51	1.75	0.93
VAC14	ID_1284	17	0.00	-0.01	0.90	0.66	0.59	-0.69	0.53
AKT1S1	ID_1287	37	0.00	0.47	0.19	0.44	0.52	0.25	0.10
TBRG1	ID_1288	10	0.00	-0.46	-0.41	-0.40	-0.63	-0.79	-1.11
ADSS1	ID_1289	39	0.00	-0.75	0.81	0.72	1.75	3.29	3.11
CFAP161	ID_1290	25	0.00	0.84	1.40	1.99	0.47	3.41	2.97
BRF1	ID_1291	47	0.00	0.40	0.47	0.33	0.17	0.03	-0.07
VIPR2	ID_1292	16	0.00	-0.58	0.86	-0.28		-1.00	-2.03
ODC1	ID_1293	10	0.00	-0.48	-1.22	-0.92	-1.24	-2.73	-2.53
THG1L	ID_1294	10	0.00	-0.58	-1.26	-1.53	-1.42	-2.24	-1.84
ADAM19	ID_1295	38	0.00	0.17	1.70	0.67	0.43	0.19	0.88
PABPC4	ID_1296	10	0.00	-0.67	-0.30	-0.86	-1.02	-2.24	-1.89
EXOC3L2	ID_1297	4	0.00	-1.16	-1.34	0.08	-0.53	-0.59	-¡Þ
SUGP1	ID_1300	49	0.00	0.74	0.83	0.87	0.85	0.54	0.81
DHDH	ID_1303	5	0.00	0.06	0.72	-0.18	-2.11	-0.37	1.08
ZFP790	ID_1304	27	0.00	0.52	0.78	0.78	-1.25	-1.46	-0.17
FSD1	ID_1307	49	0.00	0.64	1.77	1.85	2.39	1.46	1.00
FUZ	ID_1309	23	0.00	-0.02	-0.39	-0.04	-0.07	0.52	0.97
SPTBN4	ID_1310	39	0.00	0.58	3.90	3.28	3.64	5.10	6.24
PGAM1	ID_1311	22	0.00	-0.45	-0.63	-0.44	-0.32	0.51	0.13
EVI5	ID_1312	27	0.00	-0.46	-0.22	-0.12	-0.92	-0.54	0.49
EVI5L	ID_1313	49	0.00	2.29	3.40	3.52	3.59	2.78	2.79
SNAPC2	ID_1314	41	0.00	0.26	0.31	0.51	0.52	0.13	-0.21
GIT1	ID_1315	39	0.00	0.55	1.15	1.01	0.98	1.60	2.86
GLTP	ID_1316	25	0.00	-0.34	-0.39	-1.24	-0.96	0.76	0.67
BNIP2	ID_1317	10	0.00	-0.28	-0.70	-0.41	-0.79	-1.72	-1.98
CCNT1	ID_1318	13	0.00	-1.62	-2.06	-1.47	-0.18	-1.05	0.09
SCARF2	ID_1319	10	0.00	-1.22	-1.29	-0.75	-1.35	-2.42	-2.18
BRMS1L	ID_1321	39	0.00	0.05	0.51	0.64	0.19	0.82	0.83
MED15	ID_1322	30	0.00	0.09	0.75	0.42	-0.02	0.13	0.87
DHDDS	ID_1323	39	0.00	0.44	1.27	0.95	1.30	1.40	1.75
CRYBG2	ID_1324	19	0.00	-1.75	0.40	1.14	1.70	0.83	1.70
UBXN11	ID_1325	39	0.00	1.22	1.40	2.17	3.01	2.41	2.45
MOGAT1	ID_1326	22	0.00	0.84	0.40		1.47	3.58	0.97
TJAP1	ID_1328	12	0.00	-0.68	-1.36	-1.47	-1.89	-1.50	-1.20
RPL15	ID_1330	10	0.00	-0.26	-1.07	-0.75	-0.57	-1.70	-2.68
TMEM167	ID_1331	10	0.00	-0.41	-1.38	-1.48	-1.44	-1.26	-1.99
MPLKIP	ID_1333	10	0.00	0.32	-0.51	-0.40	-0.21	-1.23	-1.81
KIF11	ID_1334	10	0.00	-0.52	-2.65	-2.76	-3.88	-8.03	-5.89
RPA3	ID_1335	10	0.00	-0.12	-1.51	-1.34	-1.29	-2.07	-3.42
TNPO3	ID_1338	10	0.00	-0.17	-0.41	-0.52	-0.90	-1.30	-0.74
TTLL5	ID_1339	39	0.00	-0.62	-0.06	0.00	-0.15	0.52	0.76
ZFP715	ID_1340	36	0.00	0.53	0.43	0.86	0.79	0.12	0.67
RETN	ID_1341	46	0.00	1.42	1.40	0.40	2.06	2.00	-¡Þ
CDH23	ID_1343	41	0.00	2.16	1.98	2.72	2.47	0.41	0.97
RPS5	ID_1344	10	0.00	-0.22	-0.99	-0.78	-0.82	-2.25	-2.56
ADGRL1	ID_1345	49	0.00	1.89	3.10	2.75	2.36	2.32	3.19
AMOTL1	ID_1346	10	0.00	-0.49	-0.27	-0.76	-1.64	-1.65	-2.05
ETV5	ID_1348	39	0.00	-0.33	0.10	0.42	0.28	1.28	2.55
GFOD2	ID_1350	41	0.00	1.50	2.12	2.03	1.88	1.00	0.07
ENKD1	ID_1351	3	0.00	-0.41	-1.81	-0.63	-0.13	-1.80	-1.03
ATP6V0D1	ID_1353	39	0.00	1.03	1.72	1.92	1.92	2.43	2.37
PTPRS	ID_1354	49	0.00	1.51	1.61	1.57	0.83	0.18	1.57
SLC41A1	ID_1355	39	0.00	0.36	0.62	1.19	1.16	1.32	1.47
IGLON5	ID_1357	41	0.00	1.89	3.20	2.69	2.45	0.53	1.20
IGF2BP1	ID_1358	10	0.00	-1.18	-2.69	-3.87	-5.94	-8.32	-¡Þ
ZBTB47	ID_1359	39	0.00	0.90	2.03	2.18	2.04	2.60	2.73
NELFB	ID_1360	17	0.00	0.07	0.56	0.33	0.10	-0.51	-0.25
TMEM175	ID_1362	39	0.00	-0.50	-0.43	0.40	0.21	0.98	0.97
TANGO2	ID_1364	39	0.00	0.57	0.82	1.20	1.75	2.88	2.15
ALDH1A2	ID_1365	41	0.00	2.22	3.03	3.51	3.40	2.55	1.45
NDUFS2	ID_1366	22	0.00	0.03	-0.14	0.01	0.39	0.94	-0.13
ATRAID	ID_1368	39	0.00	0.80	0.87	1.03	1.28	1.43	1.19
CAD	ID_1369	10	0.00	-0.81	-0.75	-1.22	-1.86	-3.19	-2.45
SH3BP5L	ID_1371	39	0.00	0.36	0.40	0.59	0.97	1.03	0.60
ATAD1	ID_1373	43	0.00	0.62	0.31	0.16	-0.20	-0.24	0.30
PTEN	ID_1374	49	0.00	1.11	1.79	1.58	1.09	1.60	2.23
PEA15A	ID_1376	39	0.00	0.66	0.41	0.93	0.97	1.07	0.93
TIMM23	ID_1377	2	0.00	-0.57	-0.93	-0.86	-0.50	-0.35	-1.09
TNFAIP8L2	ID_1378	13	0.00	-1.16	-0.02	-1.60	1.28	1.58	1.29
TRNT1	ID_1379	10	0.00	-0.00	-0.61	-0.57	-0.31	-0.76	-0.96
EHMT2	ID_1381	44	0.00	0.72	0.87	0.99	0.64	-0.47	0.36
ELOF1	ID_1382	16	0.00	-0.30	-0.62	-0.46	-0.25	-0.41	-1.28
MED16	ID_1383	17	0.00	0.07	0.28	0.32	0.18	-0.55	-0.10
ST3GAL1	ID_1384	19	0.00	-0.01	0.80	1.32	0.42	-0.31	0.55
TMEM259	ID_1385	39	0.00	0.34	0.62	0.77	1.12	1.19	0.74
RNF170	ID_1386	25	0.00	-0.05	0.40	0.53	0.02	0.73	0.85
CLIP3	ID_1387	39	0.00	1.36	2.18	2.08	2.02	2.27	3.20
MYL2	ID_1388	7	0.00	-7.41	0.73	-5.85	-2.82	-5.25	-7.28
DEDD	ID_1389	44	0.00	0.43	0.51	0.63	0.13	-0.23	-0.12
NIT1	ID_1391	39	0.00	0.25	0.40	0.66	0.52	0.54	0.79
PRDM15	ID_1393	44	0.00	0.46	0.86	0.62	-0.20	-1.17	0.19
RNF168	ID_1394	21	0.00	-0.24	-0.54	-0.73	-0.80	-1.68	-0.59
DYNLT2B	ID_1395	16	0.00	-0.03	-0.12	-0.01	0.53	-0.15	-0.81
CHP1	ID_1396	25	0.00	-0.21	-0.19	0.13	-0.41	0.85	1.14
TRPV4	ID_1398	39	0.00	-0.16		0.99	2.28	1.41	1.97
TVP23B	ID_1400	6	0.00	-0.15	0.00	-0.19	-0.17	0.46	0.08
DNAJC7	ID_1401	17	0.00	-0.02	0.20	0.01	-0.16	-0.87	-0.08
CACYBP	ID_1402	10	0.00	-0.18	-0.64	-0.60	-0.23	-0.77	-1.35
CLUAP1	ID_1403	41	0.00	0.53	0.77	0.79	0.98	0.07	0.35
ZSWIM7	ID_1404	22	0.00	-0.08	-0.64	0.24	0.55	1.20	0.40
PIGL	ID_1405	44	0.00	0.25	0.14	0.14	-0.11	-0.59	-0.62
NDUFA2	ID_1406	22	0.00	-0.08	-0.64	-0.61	-0.21	0.40	-0.07
PAM16	ID_1407	48	0.00	0.34	0.55	0.72	0.89	0.88	0.10
GLIS2	ID_1408	10	0.00	0.00	-0.19	-0.13	-1.01	-1.89	-1.26
COX6C	ID_1409	22	0.00	0.05	-0.05	-0.01	0.36	1.26	0.41
BICC1	ID_1410	17	0.00	0.24	0.71	0.40	0.15	-0.77	-0.87
UBE2Z	ID_1411	37	0.00	0.34	0.59	0.80	1.13	0.52	0.54
TMEM87B	ID_1413	36	0.00	0.61	0.48	0.73	0.33	-0.05	0.50
ANAPC1	ID_1414	10	0.00	0.05	0.26	0.08	-0.63	-1.69	-1.25
MERTK	ID_1415	9	0.00	-2.48	-0.22	-0.75	-1.04	0.79	2.04
TSG101	ID_1416	47	0.00	0.59	0.51	0.54	0.30	-0.39	-0.81
HPS5	ID_1417	27	0.00	-0.25	-0.07	0.31	-0.31	-1.91	0.23
MAP3K4	ID_1418	30	0.00	0.06	0.52	-0.14	-0.35	-0.54	0.45
PIEZO1	ID_1419	10	0.00	-0.81	-0.00	-0.74	-0.76	-1.46	-2.49
RNF166	ID_1421	23	0.00	0.02	-0.11	0.51	0.22	0.37	0.85
ANKRD28	ID_1422	27	0.00	0.32	0.33	0.62	-0.03	-0.03	0.61
ANKRD52	ID_1423	21	0.00	-0.16	-0.12	-1.33	-0.04	-1.91	-0.03
SRP19	ID_1425	0	0.00	-0.37	-0.49	-0.33	-0.72	-0.21	-0.47
WDFY2	ID_1429	27	0.00	0.23	0.38	0.07	-1.07	-1.42	0.09
RBSN	ID_1430	40	0.00	0.78	1.06	0.97	0.37	0.47	0.81
MRPS25	ID_1431	23	0.00	-0.14	-1.02	-0.33	-0.45	-0.06	0.13
DGUOK	ID_1432	17	0.00	0.17	0.42	0.37	0.37	-0.33	-0.05
CAMTA1	ID_1433	49	0.00	0.45	1.53	1.40	1.21	0.78	1.77
CSF1	ID_1434	19	0.00	-1.41	0.91	0.68	0.40	0.41	1.18
STRIP1	ID_1435	41	0.00	0.87	1.38	1.31	1.34	0.05	0.34
KIF1A	ID_1436	49	0.00	2.20	4.33	3.87	3.64	3.65	4.95
SLC25A11	ID_1438	39	0.00	0.13	0.20	0.49	0.78	1.09	0.80
CMC2	ID_1440	12	0.00	-0.57	-1.50	-1.67	-2.06	-1.33	-1.04
CHFR	ID_1441	44	0.00	0.64	0.71	0.84	0.39	-0.83	-0.43
TEX261	ID_1445	10	0.00	-0.04	-0.27	-0.00	-0.26	-0.80	-0.50
FAM120B	ID_1446	40	0.00	0.70	0.97	0.90	0.33	0.52	0.62
TBP	ID_1447	10	0.00	-0.23	-0.72	-0.92	-0.81	-1.60	-1.62
PSMB1	ID_1448	34	0.00	-0.07	-0.59	-0.45	-0.22	-0.42	-1.07
PDCD2	ID_1449	44	0.00	0.13	0.15	0.13	0.16	-0.92	-0.86
DLL1	ID_1450	10	0.00	0.54	-0.65	-1.42	-1.98	-4.19	-2.98
NOL3	ID_1451	39	0.00	1.20	0.59	1.30	2.06	3.79	3.68
FHOD1	ID_1452	21	0.00	-1.75	-1.63	-3.09	-2.43	-3.08	-2.53
PLEKHG4	ID_1453	19	0.00	-0.90	0.40	0.67	0.15	-0.33	-¡Þ
SLC9A5	ID_1454	19	0.00	-0.07	1.03	1.12	1.07	0.70	1.14
ELMO3	ID_1455	34	0.00	0.32	-0.34	0.08	-0.26	0.67	-1.36
STC1	ID_1456	49	0.00	0.42	2.86	2.40	1.80	2.00	1.97
MATCAP1	ID_1457	41	0.00	1.86	3.22	3.05	2.86	-0.64	-0.39
TPPP3	ID_1458	18	0.00	-0.26	1.02	1.09	1.89	1.49	1.02
MSH3	ID_1459	10	0.00	-0.44	-0.19	-0.63	-0.71	-1.12	-0.95
TMEM208	ID_1461	16	0.00	0.28	0.17	0.51	0.78	0.56	-0.31
E2F4	ID_1462	10	0.00	-0.26	-0.72	-0.91	-0.89	-1.42	-1.22
SURF4	ID_1463	10	0.00	-0.29	-0.45	-0.34	-0.74	-1.31	-1.15
DNAJB9	ID_1465	39	0.00	0.78	0.78	1.20	0.85	1.98	1.25
NAF1	ID_1466	12	0.00	-0.16	-0.41	-0.51	-1.13	-0.81	0.12
YES1	ID_1467	10	0.00	0.03	-0.54	-0.61	-1.24	-2.26	-1.79
PPP1CB	ID_1468	27	0.00	0.14	-0.08	-0.17	-0.52	-0.61	0.13
GORASP2	ID_1469	18	0.00	-0.04	0.40	0.40	0.48	0.46	0.35
TSEN15	ID_1470	20	0.00	-0.68	-1.15	-1.03	-0.66	-1.05	-0.77
EFR3A	ID_1471	25	0.00	-0.19	-0.15	-0.28	-0.35	1.24	2.21
TRAPPC2L	ID_1472	48	0.00	0.81	1.16	1.27	1.37	1.54	0.89
ACSF3	ID_1473	19	0.00	-0.13	0.30	0.40	0.06	-0.00	0.31
DDX19A	ID_1474	10	0.00	-0.15	-0.36	-0.36	-1.01	-1.86	-1.64
GALNS	ID_1475	18	0.00	-0.79	0.48	0.48	1.74	0.72	-0.12
GATA2	ID_1476	47	0.00	1.04	1.16	0.54	-0.53	-1.10	-1.77
C8G	ID_1477	29	0.00	0.32	0.40	-0.33	0.96	1.09	0.23
RABL6	ID_1479	25	0.00	-0.04	-0.18	-0.03	-0.07	0.93	1.11
PTGDS	ID_1480	39	0.00	3.30	9.21	10.61	11.64	12.56	13.02
EDF1	ID_1481	48	0.00	0.09	0.34	0.36	0.33	0.78	0.34
NPDC1	ID_1483	49	0.00	2.33	3.28	3.38	3.64	3.40	3.31
FBXW5	ID_1484	49	0.00	0.78	1.42	1.37	1.03	1.20	1.88
SLC25A13	ID_1485	21	0.00	-1.50	-3.09	-3.80	-3.28	-4.66	-3.11
UBE2I	ID_1486	10	0.00	0.13	0.07	-0.01	-0.16	-0.77	-0.71
TSR3	ID_1487	1	0.00	-0.11	-0.57	-0.08	0.15	-0.46	-0.71
UNKL	ID_1488	39	0.00	0.38	1.71	1.40	1.61	1.70	2.08
LRRK1	ID_1489	3	0.00	-0.38	-0.41	0.60	-0.01	-0.81	0.16
ALDH1A3	ID_1490	2	0.00	-1.10	-1.12	-1.80	-0.59	-0.79	-¡Þ
ACTN1	ID_1491	11	0.00	-1.00	-1.05	-1.40	-1.77	-0.65	0.09
SIRT2	ID_1492	39	0.00	0.70	1.48	1.71	1.88	3.14	2.42
HNRNPL	ID_1493	10	0.00	0.05	-0.47	-0.33	-1.10	-2.14	-0.97
NOLC1	ID_1494	3	0.00	-0.44	-0.22	-0.20	-0.53	-1.28	-0.35
CASD1	ID_1495	17	0.00	0.08	0.33	0.19	0.23	-0.19	0.19
CNKSR3	ID_1496	11	0.00	-1.16	-1.04	-1.80	-1.35	-0.21	-0.65
MTMR1	ID_1497	49	0.00	1.68	2.07	1.95	1.22	1.63	2.27
HMGB3	ID_1498	10	0.00	-0.09	-0.41	-0.61	-0.62	-3.41	-3.93
MAP2	ID_1499	49	0.00	2.01	2.73	2.33	1.93	0.97	2.42
ABCA1	ID_1502	17	0.00	0.64	1.97	1.63	1.57	-0.47	0.79
NIPSNAP3B	ID_1503	16	0.00	0.52	1.02	1.08	0.92	-1.44	-1.54
LAGE3	ID_1504	10	0.00	-0.22	-1.33	-1.00	-1.19	-1.34	-1.85
UBL4A	ID_1505	22	0.00	0.22	-0.07	0.21	0.43	1.08	0.61
GDI1	ID_1506	49	0.00	1.55	2.44	2.13	2.07	2.11	2.27
SASH1	ID_1507	19	0.00	-0.27	0.72	0.82	0.55	0.28	0.80
GADD45B	ID_1508	39	0.00	-0.09	-0.04	0.48	0.23	2.45	1.52
ZDHHC12	ID_1511	1	0.00	-0.39	-0.90	-0.41	0.29	-0.67	-0.92
ENDOG	ID_1512	39	0.00	-0.47	0.33	0.65	1.20	1.71	1.41
GOLGA7	ID_1514	22	0.00	0.20	-0.30	-0.21	-0.13	0.28	-0.33
XK	ID_1515	39	0.00	0.42	1.40	0.72	0.98	1.29	2.19
PCOLCE2	ID_1516	39	0.00	0.32	0.88	0.89	0.74	1.09	2.23
CLPX	ID_1518	33	0.00	0.30	0.02	0.52	0.04	0.50	0.23
TRABD	ID_1519	10	0.00	0.22	-0.25	-0.13	-0.51	-1.53	-1.44
DENND6B	ID_1521	49	0.00	0.93	1.96	1.64	1.65	1.10	1.54
CD83	ID_1522	39	0.00	0.35	2.21	2.27	3.21	3.03	2.41
AGER	ID_1529	47	0.00	0.30	2.44	-1.01	-0.94		-2.03
ATF6B	ID_1530	49	0.00	0.48	0.65	0.47	0.65	0.27	0.22
EGFL8	ID_1531	47	0.00	0.84	1.54	1.47	1.15	1.41	-0.36
NOTCH4	ID_1532	10	0.00	-0.16	-0.42	-0.70	-0.30	-1.41	-1.48
PPT2	ID_1533	46	0.00	0.55	0.57	-0.03	0.09	0.56	0.05
PRRT1	ID_1534	39	0.00	4.45	5.57	5.38	6.13	7.67	8.84
RNF5	ID_1535	47	0.00	0.48	0.54	0.23	0.16	-0.13	-0.22
FAM163A	ID_1536	46	0.00	0.75	1.57	-0.28	-0.53	0.87	1.14
CACFD1	ID_1537	49	0.00	1.14	1.79	1.30	1.32	0.50	0.80
HIVEP2	ID_1538	39	0.00	1.27	3.10	4.00	2.85	4.60	5.96
ARNT	ID_1539	21	0.00	-0.04	0.18	-0.64	-1.13	-1.91	0.16
MOCS2	ID_1541	35	0.00	0.34	-0.03	0.50	0.50	0.54	0.04
NAT9	ID_1542	39	0.00	-0.05	-0.10	0.16	0.45	0.65	1.29
ATP6V0E	ID_1544	34	0.00	0.50	-0.50	0.10	0.02	0.08	-0.69
ZFP318	ID_1546	41	0.00	0.45	1.31	1.10	0.75	0.15	0.57
TTBK1	ID_1547	49	0.00	2.46	3.15	2.56	2.27	2.46	4.07
GATA3	ID_1549	44	0.00	1.77	2.91	1.05	0.56	-2.59	-¡Þ
LAMA5	ID_1551	12	0.00	-1.63	-2.66	-0.43	-2.58	-1.65	-0.51
STEAP1	ID_1552	12	0.00	-1.30	-3.06	-2.06	-2.99	-1.73	-0.91
STEAP2	ID_1553	39	0.00	-0.38	0.91	0.60	1.13	2.06	2.25
HSPA8	ID_1554	2	0.00	-0.45	-0.62	-0.62	-0.59	-0.32	-0.65
SERAC1	ID_1555	49	0.00	1.16	1.84	1.59	0.95	0.88	2.00
PDZD11	ID_1556	10	0.00	0.13	-0.51	-0.67	-0.76	-0.53	-0.75
PSMA2	ID_1557	10	0.00	-0.10	-0.71	-0.58	-0.59	-0.75	-1.47
MRPL32	ID_1558	10	0.00	0.00	-0.73	-0.68	-0.75	-0.89	-1.56
SETDB1	ID_1559	44	0.00	0.29	0.18	-0.09	-0.21	-1.61	-0.80
ARNT2	ID_1561	49	0.00	1.58	2.51	2.25	1.84	1.38	2.31
PRUNE1	ID_1562	41	0.00	0.88	1.68	1.70	1.99	0.28	0.17
CERS2	ID_1563	25	0.00	-0.04	-0.17	-0.06	-0.04	0.81	0.68
CAPZA2	ID_1565	25	0.00	0.19	0.01	-0.05	-0.22	0.35	0.76
PLEKHO1	ID_1566	10	0.00	0.39	-0.08	-0.24	-0.33	-0.71	-0.99
VPS45	ID_1567	49	0.00	0.74	0.91	1.37	1.34	1.05	0.90
PRPF3	ID_1568	10	0.00	-0.54	-1.16	-1.15	-1.62	-2.34	-2.20
ANP32E	ID_1569	10	0.00	-0.57	-1.32	-1.61	-2.09	-3.09	-1.85
APH1A	ID_1570	44	0.00	0.43	0.58	0.67	0.29	-0.35	0.22
TAB2	ID_1571	10	0.00	-0.08	0.15	-0.05	-0.31	-0.86	-0.89
PPIL4	ID_1572	44	0.00	0.18	0.27	0.27	-0.28	-1.13	-0.24
EPS8	ID_1574	39	0.00	0.52	2.40	2.37	3.26	3.28	3.04
MED22	ID_1575	16	0.00	0.56	0.43	0.45	0.77	-0.31	-0.62
SURF1	ID_1576	39	0.00	0.67	0.84	1.04	1.44	1.67	1.57
MED28	ID_1577	20	0.00	0.11	-0.51	-0.27	-0.18	-0.18	-0.57
QDPR	ID_1578	39	0.00	-0.16	-0.08	0.19	0.71	1.89	2.12
SQSTM1	ID_1580	39	0.00	0.83	1.46	1.66	2.24	2.88	2.55
NFE2L2	ID_1581	12	0.00	-0.94	-1.17	-0.91	-1.60	-0.62	-0.76
RXRG	ID_1582	18	0.00	0.84	2.57	4.49	4.64	3.62	2.42
RXRA	ID_1583	12	0.00	-0.03	-0.54	-0.76	-1.30	-0.89	-0.45
FCRL2	ID_1585	39	0.00	0.66	0.76	1.22	1.75	2.46	2.16
PRPSAP1	ID_1587	44	0.00	0.24	0.41	0.33	0.30	-0.69	-0.52
FAM184B	ID_1588	49	0.00	0.84	2.47	3.03	3.71	1.55	2.10
NCAPG	ID_1589	10	0.00	-0.55	-3.05	-3.19	-3.33	-6.04	-7.49
LCORL	ID_1590	44	0.00	1.46	1.63	1.35	0.82	-0.16	0.51
LTA4H	ID_1591	10	0.00	-0.15	-0.51	-0.67	-0.85	-1.51	-0.94
DSTN	ID_1593	44	0.00	0.26	-0.04	0.12	-0.09	-0.50	-0.54
MACROH2A1	ID_1594	10	0.00	0.14	-0.52	-0.91	-1.17	-1.87	-1.76
GTF2IRD2	ID_1595	49	0.00	1.11	1.70	1.24	1.50	0.29	0.97
BOLA1	ID_1596	34	0.00	-0.05	-0.62	-0.27	-0.01	-0.37	-0.84
CASTOR2	ID_1597	49	0.00	2.04	2.76	2.44	2.27	2.20	3.58
FCGR1	ID_1598	46	0.00	0.32	0.66	-0.92	0.15	1.79	1.23
NCF1	ID_1599	39	0.00	0.69	1.40	0.67	1.32	2.18	1.81
ADSS2	ID_1601	17	0.00	-0.52	-0.32	-0.06	-0.13	-0.90	-0.71
CACNA1D	ID_1604	49	0.00	1.58	4.34	3.46	3.64	2.83	4.29
ACTR8	ID_1606	33	0.00	0.09	-0.41	0.05	-0.07	0.38	-0.31
LRRC27	ID_1607	46	0.00	0.45	0.48	-0.69	0.39	0.32	0.20
STK32C	ID_1608	39	0.00	0.42	3.65	4.05	3.80	5.66	5.75
FNTA	ID_1609	16	0.00	0.04	0.24	0.31	0.47	0.28	-0.22
MTREX	ID_1610	10	0.00	-0.26	-0.91	-0.85	-1.20	-1.54	-0.94
LBP	ID_1611	18	0.00	-2.16	1.86	2.49	2.93	3.41	2.97
CELSR1	ID_1612	44	0.00	0.46	-0.54	-0.25	-1.93	-5.70	-2.56
FLI1	ID_1613	12	0.00	-1.07	-0.85	-0.55	-2.90	-3.54	-1.67
STARD13	ID_1614	30	0.00	0.35	1.05	0.60	-0.33	-0.81	1.97
CAMK1G	ID_1615	49	0.00	1.76	2.78	2.99	2.81	2.53	2.97
UTP25	ID_1616	10	0.00	-0.24	-0.25	-0.17	-0.34	-0.92	-0.72
SYT14	ID_1618	44	0.00	1.14	1.08	0.92	-0.26	-2.50	0.58
H2-M3	ID_1619	22	0.00	0.16	-0.60	-1.60	0.47	1.73	1.97
LONRF3	ID_1620	23	0.00	0.37	-0.96	-0.45	-0.89	0.88	1.97
ATP5F1E	ID_1621	48	0.00	0.17	0.20	0.16	0.39	0.37	-0.15
NELFCD	ID_1622	10	0.00	-0.43	-0.32	-0.62	-0.67	-1.20	-0.61
CTSZ	ID_1623	26	0.00	-0.17	-0.30	0.08	0.37	-0.40	0.11
PRELID3B	ID_1624	10	0.00	-0.08	-0.44	-0.27	-0.41	-0.49	-0.78
SERTAD4	ID_1625	41	0.00	0.59	0.94	1.52	1.28	-0.46	0.59
UBE2A	ID_1627	48	0.00	0.27	0.26	0.23	0.64	0.75	0.23
SLC25A5	ID_1628	2	0.00	-0.38	-0.91	-1.12	-0.92	-0.50	-0.95
PPDPF	ID_1630	16	0.00	0.48	0.25	0.57	0.58	-0.06	-0.68
KCNQ2	ID_1631	49	0.00	3.72	5.07	4.81	4.29	4.72	6.26
PLS3	ID_1634	25	0.00	-0.81	-1.64	-0.93	-1.44	0.61	0.78
MPPED2	ID_1635	49	0.00	2.77	2.87	2.56	2.24	1.37	1.40
NKAP	ID_1636	17	0.00	-0.10	1.05	0.85	0.07	-0.81	-0.26
NDUFA1	ID_1637	22	0.00	0.21	0.29	0.23	0.61	1.37	0.39
E2F3	ID_1639	21	0.00	-0.23	-1.04	-1.57	-1.77	-1.89	-0.66
CR1L	ID_1640	7	0.00	-0.34	-0.16	-0.02	-0.34	-0.30	-0.53
PPFIBP1	ID_1641	0	0.00	-0.77	-0.94	-0.70	-0.94	-0.69	-1.17
CD34	ID_1643	25	0.00	-0.24	-0.71	-0.44	-1.00	0.84	0.40
PLGRKT	ID_1644	44	0.00	0.93	1.21	1.08	0.65	-1.02	-0.62
CD274	ID_1645	28	0.00	0.42	0.40	1.72	-0.53	0.41	-¡Þ
GTF3A	ID_1647	16	0.00	0.06	0.07	0.16	0.32	-0.45	-0.50
MTIF3	ID_1648	48	0.00	0.16	0.24	0.35	0.31	0.51	-0.32
LNX2	ID_1649	10	0.00	-0.53	0.03	-0.36	-1.99	-1.46	-2.49
DYRK3	ID_1650	34	0.00	0.20	-0.02	0.58	0.24	0.61	-0.52
MAPKAPK2	ID_1651	10	0.00	-0.16	-0.81	-0.97	-1.31	-2.01	-1.64
LAMP2	ID_1652	20	0.00	-0.04	-0.62	-0.61	-0.47	-0.48	-0.45
ATXN10	ID_1653	41	0.00	0.49	0.97	1.01	0.77	0.38	0.49
FOXRED2	ID_1654	49	0.00	1.23	1.45	1.91	1.68	1.10	1.59
EIF3D	ID_1655	10	0.00	-0.37	-0.32	-0.28	-0.38	-1.35	-1.31
H3F3B	ID_1656	44	0.00	0.61	0.66	0.51	0.34	-1.94	-1.91
NUP50	ID_1657	10	0.00	-0.31	-0.73	-1.04	-1.71	-1.91	-1.52
PHF21B	ID_1658	10	0.00	1.38	0.44	-0.09	-1.85	-3.28	-2.40
IFT27	ID_1660	41	0.00	-0.00	0.09	0.39	0.45	-0.11	-0.24
PACSIN2	ID_1661	11	0.00	-0.75	-0.47	-1.40	-1.60	0.05	0.12
TTLL12	ID_1662	17	0.00	-0.45	0.41	-0.16	-0.28	-2.06	-1.58
SCUBE1	ID_1664	12	0.00	-1.56	-1.07	-0.72	-1.80	-0.86	-0.51
TOX4	ID_1665	41	0.00	0.16	0.43	0.54	0.15	0.07	0.24
MRPS18C	ID_1666	10	0.00	-0.32	-0.72	-0.73	-0.57	-0.78	-1.04
SULF1	ID_1667	10	0.00	-0.68	-0.89	-1.52	-1.94	-3.10	-2.45
SRSF6	ID_1668	10	0.00	-0.06	-0.57	-0.63	-0.89	-2.65	-1.92
PLCG1	ID_1669	44	0.00	0.60	0.49	0.71	-0.10	-1.07	-0.27
KCTD2	ID_1670	39	0.00	0.43	0.75	0.88	0.92	1.64	1.44
KCTD5	ID_1672	16	0.00	0.39	0.28	0.54	0.63	-0.89	-1.50
ETAA1	ID_1674	10	0.00	-0.28	-1.51	-1.36	-1.63	-2.87	-2.64
MATN4	ID_1675	39	0.00	-0.16	3.57	3.72	4.64	5.11	5.21
SDC4	ID_1681	39	0.00	-1.07	-0.60	-0.26	0.03	2.13	3.17
IL13RA1	ID_1683	41	0.00	0.01	0.86	0.99	0.38	0.22	0.14
NBR1	ID_1684	45	0.00	0.63	0.59	0.57	0.19	0.10	0.68
CYTH1	ID_1685	49	0.00	1.97	2.44	2.78	2.23	2.57	3.15
RND3	ID_1686	10	0.00	1.37	0.63	-0.15	-1.23	-3.41	-3.00
BRCA1	ID_1687	10	0.00	-0.72	-2.59	-2.89	-3.34	-3.26	-3.22
CNTNAP1	ID_1689	39	0.00	0.42	3.65	3.31	3.87	6.53	7.84
NT5C3B	ID_1690	16	0.00	-0.24	-0.09	-0.21	0.26	-0.11	-0.70
COA3	ID_1691	18	0.00	0.06	0.45	0.56	0.71	0.98	0.29
MED24	ID_1694	30	0.00	0.23	0.57	0.21	0.16	0.25	0.99
EXOSC10	ID_1696	17	0.00	-0.12	-0.06	0.02	-0.05	-1.21	-0.86
VPS53	ID_1698	49	0.00	0.98	1.45	1.44	1.23	1.35	1.13
TAOK1	ID_1699	44	0.00	0.46	-0.05	0.10	-0.75	-2.65	-0.36
DNTTIP1	ID_1700	16	0.00	0.15	0.21	0.10	0.25	-0.11	-0.53
ACOT8	ID_1702	6	0.00	-0.09	0.44	-0.06	-0.12	0.92	0.53
MPP2	ID_1706	39	0.00	1.10	1.87	1.33	1.68	2.70	3.32
VTN	ID_1708	49	0.00	0.16	1.08	0.61	0.69	0.48	0.69
NLK	ID_1709	30	0.00	0.93	0.92	0.70	-0.21	0.76	2.05
TRAF4	ID_1710	44	0.00	0.84	0.62	0.86	0.58	-1.83	-2.16
ALDOC	ID_1711	39	0.00	4.29	5.87	6.33	7.32	8.96	8.92
STAC2	ID_1712	39	0.00	1.71	4.37	4.14	3.93	5.84	7.19
RPL19	ID_1713	10	0.00	-0.43	-1.08	-0.78	-0.56	-1.11	-1.84
NEK8	ID_1714	3	0.00	-0.79	-0.69	0.12	-0.81	-1.68	-0.80
CACNB4	ID_1715	39	0.00	3.30	4.74	4.49	3.98	6.78	7.67
ARL5B	ID_1717	10	0.00	0.18	-0.11	-0.79	-1.91	-2.56	-2.11
ZFP207	ID_1718	10	0.00	-0.10	-1.00	-0.95	-1.29	-2.01	-1.65
PSMD11	ID_1719	10	0.00	0.15	-0.21	-0.50	-1.33	-1.60	-0.86
C1QTNF1	ID_1720	49	0.00	1.95	3.46	3.34	2.80	0.41	2.38
PIPOX	ID_1721	21	0.00	-0.16	-0.90	-2.03	-0.37	-2.34	-2.20
TIMP2	ID_1722	39	0.00	0.17	1.53	1.73	2.01	2.10	1.94
ZC3H18	ID_1723	10	0.00	-0.15	-0.49	-0.51	-0.78	-1.77	-1.42
TOP2B	ID_1724	10	0.00	0.56	0.41	0.10	-0.47	-2.10	-1.71
RARB	ID_1725	7	0.00	-0.82	-0.26	-0.04	-0.05	-0.16	-0.65
IGFBP4	ID_1726	12	0.00	-0.50	-0.78	-0.60	-1.13	-0.74	-0.21
SUZ12	ID_1728	10	0.00	-0.01	-0.61	-0.95	-1.70	-2.42	-1.45
ATAD5	ID_1729	10	0.00	-0.36	-1.43	-1.66	-2.81	-3.87	-2.58
CRLF3	ID_1730	12	0.00	-0.38	-1.20	-1.11	-1.45	-1.40	-0.68
TNFAIP1	ID_1732	17	0.00	-0.20	-0.22	-0.15	-0.10	-1.17	-0.83
ABR	ID_1733	49	0.00	2.10	2.98	2.97	2.80	3.33	4.11
RAB11FIP4	ID_1734	39	0.00	1.06	2.12	1.53	0.97	2.30	3.26
CD40	ID_1735	43	0.00	-0.05	-0.60	-2.18	-3.11	-1.17	-1.62
SLC35C2	ID_1736	39	0.00	0.32	0.32	0.27	0.69	0.69	0.63
ZFP334	ID_1737	10	0.00	0.11	0.09	-0.88	-1.10	-3.48	-2.02
ELMO2	ID_1738	39	0.00	0.50	0.96	1.02	0.72	1.45	2.10
WSB1	ID_1739	44	0.00	0.28	0.21	0.19	-0.65	-2.67	-1.41
TTPAL	ID_1740	40	0.00	0.35	0.82	0.65	0.26	0.41	0.73
RHOT1	ID_1741	49	0.00	0.49	0.60	0.55	0.52	0.29	0.69
RHBDL3	ID_1742	43	0.00	1.35	0.54	-0.04	-0.75	0.12	0.05
ADA	ID_1743	10	0.00	-0.72	-2.10	-1.52	-0.71	-3.68	-2.54
SERINC3	ID_1744	39	0.00	-0.24	0.30	0.21	0.18	1.24	1.35
THA1	ID_1745	39	0.00	-0.33	-0.19	0.82	1.47	0.83	1.60
PGS1	ID_1746	39	0.00	0.21	0.63	0.73	1.19	1.95	1.49
BIRC5	ID_1747	10	0.00	-1.05	-2.85	-2.98	-4.10	-6.90	-6.61
AFMID	ID_1748	6	0.00	-1.63	-0.82	-1.15	-1.00	-0.15	-0.87
PIGT	ID_1750	49	0.00	0.67	1.98	1.50	2.11	1.13	1.61
WFDC2	ID_1751	21	0.00	-1.51	-1.81	-3.81	-2.15	-3.21	-3.24
ETV4	ID_1752	8	0.00	-1.90	-0.60	-0.80	0.63	-0.54	-0.85
DBNDD2	ID_1754	39	0.00	0.28	0.70	0.96	1.94	5.86	5.36
MMP9	ID_1755	41	0.00	3.01	5.79	5.31	3.64	3.00	1.97
SLC12A5	ID_1756	39	0.00	2.59	5.49	5.30	5.72	6.76	7.31
GHDC	ID_1757	17	0.00	-0.50	0.47	0.80	0.75	-0.84	-0.70
PLTP	ID_1758	49	0.00	0.34	1.48	0.96	1.05	0.96	1.25
SLC12A7	ID_1759	10	0.00	-0.36	-0.99	-1.47	-2.50	-4.79	-2.23
CTSA	ID_1760	39	0.00	-0.15	0.50	0.61	0.78	1.49	1.15
ZSWIM1	ID_1761	49	0.00	1.25	1.85	1.32	1.10	1.30	2.02
SLC12A4	ID_1762	19	0.00	-0.94	-0.38	0.62	0.47	0.10	1.08
MYO1C	ID_1764	19	0.00	-1.05	-0.29	0.37	0.22	-0.28	-0.09
CRK	ID_1765	12	0.00	-0.05	-0.52	-0.50	-0.76	-0.56	-0.50
COX7C	ID_1766	22	0.00	0.00	-0.40	-0.34	0.26	0.86	-0.24
PITPNA	ID_1767	39	0.00	0.57	0.91	1.07	0.97	1.52	1.11
RETREG3	ID_1769	48	0.00	0.21	0.39	0.17	0.45	0.58	0.22
JPH2	ID_1770	1	0.00	-1.16	-0.60	-0.28	1.38	-1.00	-1.03
DHX58	ID_1771	26	0.00	-0.58	-0.02	0.40	0.47	-1.59	-¡Þ
RAB5A	ID_1772	39	0.00	0.62	0.96	0.91	0.95	1.46	1.27
NKIRAS2	ID_1773	16	0.00	0.60	0.82	0.46	0.81	-1.31	-2.19
PPP2R5C	ID_1774	39	0.00	0.36	0.60	0.75	0.56	0.66	1.20
IFT52	ID_1775	10	0.00	0.14	-0.53	-0.60	-1.17	-0.75	-1.15
MYBL2	ID_1776	10	0.00	-0.56	-2.37	-3.22	-3.47	-6.53	-4.98
EYA2	ID_1778	16	0.00	-1.10	-0.94	-0.43	-0.86	-2.00	-3.62
B4GALT5	ID_1780	49	0.00	0.75	1.44	1.55	1.43	1.13	1.35
GDAP1L1	ID_1781	49	0.00	3.40	4.35	4.39	4.38	3.55	3.54
PTGIS	ID_1783	10	0.00	-1.28	-1.36	-0.77	-1.76	-2.06	-3.97
CADPS2	ID_1784	39	0.00	0.78	2.34	1.87	2.06	4.00	4.36
DDX27	ID_1785	10	0.00	-0.58	-0.60	-0.54	-1.02	-1.22	-0.98
CYTH3	ID_1786	49	0.00	0.03	1.11	1.07	0.95	0.67	0.87
CYTH4	ID_1787	39	0.00	0.29	0.94	0.94	0.82	1.41	2.36
RAC3	ID_1788	41	0.00	1.39	3.35	3.92	4.55	1.08	-0.90
RRP7A	ID_1789	18	0.00	0.26	0.33	0.55	1.10	0.96	0.38
CYB5R3	ID_1790	17	0.00	-0.32	0.43	-0.09	-0.47	-1.60	-0.88
INTS2	ID_1791	10	0.00	-0.20	-0.56	-0.59	-1.19	-1.70	-1.15
MED13L	ID_1792	27	0.00	0.84	1.30	0.85	-0.29	-0.52	1.72
H2BC4	ID_1793	39	0.00	0.99	0.46	1.08	1.03	3.30	3.10
BAIAP2L2	ID_1794	42	0.00		-0.19	0.82	2.47	2.15	0.97
MAFK	ID_1795	49	0.00	1.34	2.14	1.99	1.70	0.88	1.32
MED1	ID_1796	44	0.00	0.42	0.15	-0.17	-0.45	-1.04	-0.41
ERBB3	ID_1797	25	0.00	-1.48	1.08	1.25	-1.85	2.26	2.81
STARD3	ID_1798	39	0.00	0.28	0.15	0.06	0.31	0.65	0.68
MFNG	ID_1800	10	0.00	1.15	-0.71	-0.82	-1.15	-2.64	-3.24
VMP1	ID_1801	22	0.00	0.10	-0.12	0.03	0.58	1.66	1.06
UCHL5	ID_1802	11	0.00	-0.74	-1.13	-1.29	-1.11	0.35	0.08
GLRX2	ID_1803	48	0.00	0.70	0.48	0.79	0.35	0.88	0.54
RO60	ID_1804	10	0.00	0.39	-0.14	-0.25	-0.93	-1.19	-0.64
STK4	ID_1805	12	0.00	-0.13	-0.14	-0.41	-1.33	-1.31	-0.51
PMP22	ID_1807	9	0.00	-0.64	0.28	0.81	0.05	0.61	0.56
GDF9	ID_1808	44	0.00	2.06	-0.19	1.99	1.70	-1.17	-0.62
ZCCHC10	ID_1809	20	0.00	-0.08	-1.00	-0.60	-0.78	-0.65	-0.29
PSMB6	ID_1811	16	0.00	-0.13	-0.49	-0.31	-0.01	-0.61	-1.54
SPAG7	ID_1812	5	0.00	-0.48	0.01	-0.77	-1.39	-1.44	-0.83
PFN1	ID_1813	10	0.00	-0.32	-0.56	-0.80	-1.23	-1.30	-1.09
TOMM34	ID_1814	30	0.00	-0.28	0.23	0.17	-0.78	0.23	1.72
YWHAB	ID_1815	39	0.00	0.23	0.68	0.94	1.01	0.97	1.08
KSR1	ID_1816	39	0.00	0.55	0.85	0.64	1.06	1.34	2.66
GPX3	ID_1817	8	0.00	-1.57	-0.49	-0.81	-0.07	-0.57	-0.68
ANXA6	ID_1818	4	0.00	-0.70	-0.37	-0.16	-0.30	0.37	0.45
ZKSCAN6	ID_1819	34	0.00	0.62	0.31	0.86	0.72	0.36	-0.23
KPNA2	ID_1820	10	0.00	-0.55	-2.42	-2.29	-3.10	-3.56	-4.19
SMURF2	ID_1821	44	0.00	0.37	0.14	0.08	-0.25	-0.97	-0.72
CEP95	ID_1822	10	0.00	0.24	-0.06	0.15	-0.83	-2.21	-1.24
VEZF1	ID_1823	10	0.00	0.42	0.34	-0.05	-0.94	-1.85	-1.22
CUEDC1	ID_1824	41	0.00	0.70	1.56	1.04	1.23	-0.42	-0.72
SRSF1	ID_1825	10	0.00	0.03	-0.84	-1.02	-1.70	-2.94	-2.10
ABI3	ID_1826	25	0.00	-0.42	-0.60	-1.18	-1.11	1.63	1.38
SHROOM1	ID_1827	19	0.00	-1.48	0.40	1.25	1.61	-0.91	2.23
KIF3A	ID_1828	49	0.00	1.22	2.11	2.02	1.89	1.40	1.93
SEPTIN8	ID_1829	39	0.00	0.44	0.35	0.80	0.86	3.80	3.98
MTMR4	ID_1830	27	0.00	0.31	0.71	0.39	-0.47	-0.88	0.26
MRM1	ID_1831	18	0.00	-0.16	0.11	0.85	0.90	0.94	0.18
MAPT	ID_1832	49	0.00	3.86	6.11	6.20	6.08	3.74	4.59
KANSL1	ID_1833	38	0.00	0.45	0.61	0.23	0.09	-0.24	0.37
GID4	ID_1834	30	0.00	-0.19	0.12	-0.14	-0.36	0.06	1.00
MYO1B	ID_1835	10	0.00	0.53	-0.21	-0.00	-1.12	-2.13	-1.63
DHX40	ID_1836	10	0.00	0.26	-0.35	-1.12	-1.16	-2.06	-1.12
YPEL2	ID_1837	25	0.00	0.84	0.96	0.96	-0.60	2.43	2.87
AKAP1	ID_1838	49	0.00	-0.01	1.32	1.14	1.17	0.43	0.69
NOL11	ID_1839	10	0.00	-0.11	-0.12	-0.67	-1.46	-2.38	-1.46
DERL2	ID_1840	10	0.00	-0.06	-0.45	-0.35	-0.62	-0.85	-0.51
C1QBP	ID_1841	10	0.00	-0.38	-0.38	-0.46	-0.63	-1.09	-1.07
RPAIN	ID_1842	34	0.00	-0.17	-0.34	-0.05	-0.19	-0.10	-0.55
6330403K07RIK	ID_1843	49	0.00	1.47	1.83	2.01	2.26	1.54	0.88
SLC13A3	ID_1844	49	0.00	1.30	2.98	3.21	3.33	3.22	3.55
KCNAB3	ID_1845	39	0.00	2.65	2.86	2.86	3.47	6.21	6.49
CHD3	ID_1846	49	0.00	1.09	1.87	1.63	0.99	0.83	1.68
KDM6B	ID_1847	44	0.00	0.73	1.44	0.32	-0.29	-2.23	-0.09
CHCT1	ID_1848	26	0.00	0.42	0.40	0.40	1.80	-0.59	-¡Þ
APPBP2	ID_1849	12	0.00	-0.14	-0.16	-0.33	-0.56	-0.56	-0.06
WNT9B	ID_1850	6	0.00	-2.16	0.40	-1.60	0.47	0.73	-¡Þ
ADORA2B	ID_1851	22	0.00	-0.35	-1.02	0.40	0.28	1.93	-0.45
NCOR1	ID_1852	27	0.00	0.62	0.95	0.90	0.22	0.05	1.01
TRPV2	ID_1853	49	0.00	1.56	3.47	3.24	3.90	2.77	3.06
CENPV	ID_1854	47	0.00	1.33	0.50	0.93	0.77	0.21	-0.45
PCGF2	ID_1855	17	0.00	0.70	1.50	0.75	0.21	-2.19	-1.16
CWC25	ID_1856	47	0.00	0.62	0.65	0.40	0.38	-0.00	-0.23
PIP4K2B	ID_1858	49	0.00	1.03	1.84	1.82	1.51	0.54	1.14
TRIM37	ID_1859	39	0.00	0.48	0.85	0.92	0.55	1.36	2.03
YBX2	ID_1860	47	0.00	0.99	0.88	0.58	0.54	-0.53	-1.56
CTDNEP1	ID_1861	47	0.00	0.46	0.29	0.42	0.29	-0.04	-0.32
ELP5	ID_1862	16	0.00	-0.09	0.12	0.00	0.22	0.03	-0.37
SLC2A4	ID_1863	10	0.00	-0.12	-1.60	-0.90	-0.94	-3.59	-1.71
GABARAP	ID_1864	47	0.00	0.74	0.47	0.62	0.61	0.24	-0.05
2810408A11RIK	ID_1866	34	0.00	0.52	-1.26	0.11	-0.25		-3.28
PHF23	ID_1867	10	0.00	0.26	-0.08	0.11	-0.06	-0.66	-0.82
ACADVL	ID_1868	49	0.00	0.41	0.96	0.81	0.87	0.95	0.75
G3BP1	ID_1869	10	0.00	-0.62	-1.40	-1.25	-2.05	-2.85	-2.67
ATOX1	ID_1870	48	0.00	0.21	0.30	0.34	0.35	0.51	0.11
SPARC	ID_1872	48	0.00	0.14	0.79	1.23	0.68	1.45	0.29
MIEF2	ID_1873	49	0.00	0.60	1.00	1.03	1.45	0.98	0.97
TBX3	ID_1874	9	0.00	-2.97	0.40	-0.40	-0.75		-0.84
DUSP14	ID_1876	39	0.00	1.11	0.56	1.60	0.71	4.04	4.08
TADA2A	ID_1877	12	0.00	-0.16	-0.13	-0.09	-0.57	-0.49	-0.14
IKZF1	ID_1878	17	0.00	-0.58	0.86	1.21	-0.20	-1.59	-0.03
PNPO	ID_1879	6	0.00	-1.64	0.11	-0.29	0.28	1.35	1.19
COG1	ID_1880	49	0.00	0.48	1.11	0.92	0.68	0.55	1.40
CBX1	ID_1881	10	0.00	-0.31	-1.22	-1.45	-2.18	-3.12	-2.82
CDK5RAP3	ID_1882	16	0.00	-0.06	-0.61	-0.20	0.05	-1.08	-1.38
COPZ2	ID_1883	12	0.00	-0.81	-1.53	-0.88	-1.60	-1.21	-0.83
SP2	ID_1885	27	0.00	0.26	-0.07	-0.25	-0.76	-1.24	0.05
AATF	ID_1886	10	0.00	-0.22	-0.12	-0.19	-0.35	-1.78	-1.54
LHX1	ID_1887	44	0.00	2.54	3.24	1.40	1.42	-3.40	-¡Þ
DYNC1H1	ID_1888	30	0.00	0.61	2.01	0.98	0.57	0.73	1.99
PEX12	ID_1890	27	0.00	0.44	0.53	0.91	-0.02	-0.37	0.18
NDEL1	ID_1891	39	0.00	0.69	1.09	1.47	1.73	2.15	1.70
SLC25A35	ID_1892	39	0.00		-0.19	0.40	0.89	2.53	2.70
ZBTB4	ID_1893	39	0.00	1.16	2.62	3.07	3.21	4.40	5.16
TNFSFM13	ID_1894	39	0.00	-0.65	0.59	0.60	1.25	2.13	2.06
MPDU1	ID_1895	37	0.00	0.30	0.54	0.69	1.14	0.61	0.13
FXR2	ID_1896	24	0.00	0.38	0.16	0.03	0.45	0.23	0.77
ATP5MC3	ID_1897	18	0.00	-0.14	0.13	0.21	0.58	0.79	-0.04
CD68	ID_1898	39	0.00	0.47	0.85	1.15	0.60	1.57	1.55
ACSL1	ID_1900	39	0.00	-0.16	2.20	1.77	2.20	2.70	2.87
ABCA5	ID_1901	39	0.00	-0.04	2.11	2.37	2.47	2.76	3.72
SMYD4	ID_1902	19	0.00	-0.39	0.04	0.45	-0.28	0.12	0.80
LSP1	ID_1903	12	0.00	-1.19	-1.24	-1.16	-1.82	-1.38	-0.92
ZFYVE27	ID_1904	49	0.00	1.39	1.54	1.99	1.84	2.01	1.65
AVPI1	ID_1905	22	0.00	-0.36	-1.39	-0.74	0.65	2.86	1.87
SFRP5	ID_1906	49	0.00		3.40	3.40	3.80	2.41	2.55
RAD51D	ID_1908	33	0.00	-0.05	-0.49	0.05	-0.74	0.37	-0.07
UNC45B	ID_1910	8	0.00	-2.48	0.08	0.08	0.15		0.64
PANK3	ID_1911	31	0.00	0.84	0.90	0.75	-0.14	-0.34	-0.57
RARS1	ID_1912	10	0.00	-0.53	-1.13	-1.16	-1.19	-1.64	-1.84
WWC1	ID_1913	39	0.00	0.60	1.38	1.64	1.28	1.49	2.02
MRPL58	ID_1914	10	0.00	-0.20	-0.67	-0.80	-0.73	-0.76	-1.27
FDXR	ID_1915	49	0.00	0.76	1.08	1.40	0.99	0.69	1.37
SULT4A1	ID_1917	39	0.00	1.87	3.41	3.95	4.37	6.07	5.71
MRPL45	ID_1919	0	0.00	-0.41	-0.70	-0.26	-0.49	-0.42	-0.78
IRF1	ID_1921	30	0.00	-0.38	1.05	-0.08	0.25	0.60	1.33
SLC22A5	ID_1922	19	0.00	-0.10	0.90	0.99	0.70	0.29	0.70
P4HA2	ID_1923	4	0.00	-1.42	-1.38	-0.72	-1.53	-0.85	-0.23
ARRB1	ID_1925	39	0.00	0.42	1.89	1.64	1.40	1.79	2.68
CXCL16	ID_1928	49	0.00	1.42	3.72	3.40	3.06	3.00	2.55
PELP1	ID_1929	17	0.00	-0.31	0.19	-0.23	-0.82	-1.70	-0.77
MED11	ID_1930	10	0.00	-0.17	-0.48	-0.57	-0.09	-1.66	-1.14
CCL6	ID_1933	39	0.00	-0.16	0.98	1.40	1.06	3.32	1.55
CCL4	ID_1934	1	0.00	-2.48	-1.92	-0.92	-0.26	-0.33	-1.36
NATD1	ID_1935	47	0.00	0.82	1.39	0.92	0.36	-0.83	-1.31
MAP2K3	ID_1936	10	0.00	-0.69	-1.05	-0.71	-0.55	-1.48	-1.41
YWHAH	ID_1937	39	0.00	0.25	0.94	1.20	1.38	2.30	2.17
SART3	ID_1938	10	0.00	-0.11	-0.26	-0.30	-0.56	-1.63	-0.87
E2F2	ID_1939	10	0.00	0.21	-0.97	-2.25	-2.18	-5.05	-¡Þ
SLFN3	ID_1940	21	0.00	-0.42	-0.60	-1.18	-0.53		-0.62
NARS2	ID_1941	3	0.00	-0.07	-0.38	-0.18	-0.11	-0.53	-0.10
SLC35B4	ID_1942	27	0.00	-0.05	0.05	0.09	-0.67	-0.40	0.10
DNAH1	ID_1943	38	0.00	0.53	1.28	0.02	0.47	-0.29	1.26
DALRD3	ID_1944	39	0.00	0.21	0.55	0.88	0.66	1.44	1.44
FIS1	ID_1945	48	0.00	0.41	0.19	0.27	0.67	0.89	0.38
PLOD1	ID_1946	40	0.00	0.43	1.14	0.74	0.41	1.19	0.64
RAB3D	ID_1947	41	0.00	1.35	1.98	3.13	2.52	1.41	1.25
MFSD3	ID_1948	18	0.00	-0.75	0.40	1.25	1.32	1.86	1.06
SLC25A22	ID_1949	39	0.00	0.77	1.73	1.64	1.80	2.68	2.84
ATP6AP1	ID_1950	39	0.00	0.79	1.99	2.09	2.52	3.09	2.97
DNASE1L1	ID_1951	19	0.00	-0.75	0.81	0.82	0.70	-0.17	1.19
CCL9	ID_1953	25	0.00	0.42	-0.02	0.86	0.06	2.41	1.29
SCRN1	ID_1954	49	0.00	0.99	1.78	1.94	1.81	1.57	1.88
BC005537	ID_1955	49	0.00	0.69	1.07	0.95	0.32	-0.11	0.72
ISYNA1	ID_1956	16	0.00	-0.66	-0.39	-0.44	-0.37	-1.16	-1.83
HARS2	ID_1957	38	0.00	0.53	0.74	0.22	0.00	-0.18	0.37
TMEM160	ID_1959	39	0.00	0.23	0.28	0.74	1.33	1.74	0.97
RAB5C	ID_1960	49	0.00	0.14	0.52	0.78	0.88	0.61	0.56
STYXL1	ID_1961	8	0.00	-1.75	-0.19	-1.18	-0.11	-0.17	-¡Þ
MDH2	ID_1962	39	0.00	0.19	0.53	0.55	0.75	1.07	0.67
H13	ID_1963	16	0.00	0.64	0.83	0.87	1.02	0.17	-0.58
RNF145	ID_1964	44	0.00	0.20	0.36	0.27	0.36	-0.38	-0.06
SCN1B	ID_1965	39	0.00	2.54	4.49	5.07	6.39	10.33	10.26
ATP6V1E1	ID_1966	39	0.00	0.83	0.91	1.12	1.25	2.53	2.07
CHTF18	ID_1967	10	0.00	-0.61	-2.51	-2.50	-2.43	-3.82	-4.26
LHX9	ID_1968	44	0.00	2.45	3.08	1.84	1.69	-1.40	-1.06
RPS6KL1	ID_1970	49	0.00	2.65	4.86	4.75	5.35	5.36	5.05
PPP1R12C	ID_1971	39	0.00	0.33	0.54	0.76	0.57	1.33	1.59
AHR	ID_1972	39	0.00	1.30	2.57	1.72	1.47	3.05	2.87
MAP1S	ID_1973	30	0.00	0.25	0.68	0.37	0.43	0.23	1.24
DPEP1	ID_1974	3	0.00	-4.33	-2.77	-2.18	-3.70	-3.76	-¡Þ
TMEM129	ID_1975	22	0.00	0.42	-0.27	0.02	0.15	0.91	0.72
NOP9	ID_1976	10	0.00	-0.07	-0.53	-0.53	-0.52	-1.83	-2.06
ATP6V0A1	ID_1978	39	0.00	0.95	2.63	2.29	2.64	3.09	4.05
PSMC3IP	ID_1979	10	0.00	-0.36	-2.02	-1.83	-2.19	-2.94	-3.45
GRB7	ID_1980	13	0.00		-0.74	-1.06	-0.18	-0.24	0.31
NOXO1	ID_1981	41	0.00	0.84	1.40	0.89	1.47	0.41	0.23
ZFP687	ID_1983	20	0.00	0.11	-0.60	-0.38	-0.27	-0.79	-0.29
GDPD2	ID_1984	16	0.00	0.56	2.12	1.34	1.34	-0.21	-1.97
D8ERTD738E	ID_1985	2	0.00	-0.44	-0.72	-0.56	-0.53	-0.18	-0.82
CALM3	ID_1987	39	0.00	0.88	1.39	1.49	2.08	2.34	2.11
COPS3	ID_1988	10	0.00	0.02	-0.72	-0.68	-0.60	-0.89	-1.33
FKBP8	ID_1989	39	0.00	0.42	0.34	0.68	0.94	1.50	0.83
DDX39B	ID_1990	10	0.00	-0.01	-0.24	-0.33	-0.68	-1.66	-1.28
GIPC1	ID_1991	2	0.00	-0.10	-0.50	-0.30	-0.25	0.27	-0.84
TLCD1	ID_1992	39	0.00	-0.65	-1.09	0.50	1.19	2.51	1.74
PLSCR3	ID_1993	44	0.00	0.07	0.10	0.25	-0.02	-1.74	-1.10
ARHGEF25	ID_1995	23	0.00	0.08	0.22	0.55	0.06	0.80	2.16
XAB2	ID_1996	27	0.00	0.28	-0.13	0.18	-0.36	-0.61	0.06
CDC37	ID_1997	20	0.00	-0.40	-0.79	-0.56	-0.61	-0.60	-0.76
RAB4A	ID_1998	39	0.00	0.37	0.82	1.14	1.01	1.61	1.14
